   1.999999870500000E+00   2.669927087500000E+01   2.883928879500000E+00   9.283222172700000E-01   8.380608995200000E-01   5.910415473000000E-01   1.175047021700000E-01
   2.015650268700000E+00   2.669509699800000E+01   2.925114755400000E+00   9.285636246000000E-01   8.380922953000000E-01   5.913713644100000E-01   1.177143163200000E-01
   2.071075176900000E+00   2.668098345400000E+01   3.066866324500000E+00   9.293872890000000E-01   8.382016220500000E-01   5.925023488300000E-01   1.184415798300000E-01
   2.128395500500000E+00   2.666728831800000E+01   3.207044646300000E+00   9.301915199800000E-01   8.383072833600000E-01   5.936155659100000E-01   1.191701991100000E-01
   2.187626536200000E+00   2.665382008800000E+01   3.345398244000000E+00   9.309745540900000E-01   8.384039234800000E-01   5.947114579600000E-01   1.198997243100000E-01
   2.248762161400000E+00   2.664033889600000E+01   3.481632352600000E+00   9.317354800700000E-01   8.384830875200000E-01   5.957908294399999E-01   1.206297148100000E-01
   2.311767922700000E+00   2.662655307400000E+01   3.615436049600000E+00   9.324735094000000E-01   8.385362539200000E-01   5.968551313200000E-01   1.213597464000000E-01
   2.376566727300000E+00   2.661212114600000E+01   3.746468538400000E+00   9.331869897100000E-01   8.385524188600000E-01   5.979063642000000E-01   1.220893458500000E-01
   2.426268800000000E+00   2.660064307300000E+01   3.842738752300000E+00   9.337052553200000E-01   8.385336663900000E-01   5.986876770300000E-01   1.226359689100000E-01
   2.459890118900000E+00   2.659258373500000E+01   3.905876651900000E+00   9.340424466200000E-01   8.385037241200000E-01   5.992059606300000E-01   1.230000000000000E-01
   2.493875438300000E+00   2.658413627400000E+01   3.968153009600000E+00   9.343734867300000E-01   8.384576597200000E-01   5.997226842000000E-01   1.233637046600000E-01
   2.545479007700000E+00   2.657062084700000E+01   4.059925994000000E+00   9.348573930800000E-01   8.383563152800000E-01   6.004960836400000E-01   1.239086189800000E-01
   2.615265293900000E+00   2.655076381800000E+01   4.179056832900000E+00   9.354790990300000E-01   8.381525435800000E-01   6.015269794800000E-01   1.246336588000000E-01
   2.685862494800000E+00   2.652849284400000E+01   4.294428809000000E+00   9.360742691800000E-01   8.378625164800000E-01   6.025613407200000E-01   1.253564492600000E-01
   2.756884120900000E+00   2.650355763100000E+01   4.406072195500000E+00   9.366448882600000E-01   8.374803943700000E-01   6.036033905700000E-01   1.260763916200000E-01
   2.827924578300000E+00   2.647583557100000E+01   4.514303152800000E+00   9.371922891000000E-01   8.370050366000000E-01   6.046572651500000E-01   1.267929954000000E-01
   2.898581201500000E+00   2.644534970900000E+01   4.619502696200000E+00   9.377196786300001E-01   8.364399735600000E-01   6.057264218900000E-01   1.275058665700000E-01
   2.968483985900000E+00   2.641226272800000E+01   4.722253763000000E+00   9.382305243100000E-01   8.357923778700000E-01   6.068138964899999E-01   1.282147678300000E-01
   3.037318203000000E+00   2.637685157700000E+01   4.823325846700000E+00   9.387295075400000E-01   8.350733657300000E-01   6.079217638000000E-01   1.289196447500000E-01
   3.104835942800000E+00   2.633947075300000E+01   4.923419582900000E+00   9.392200235300000E-01   8.342962157500000E-01   6.090516188300000E-01   1.296206084200000E-01
   3.170856980400000E+00   2.630051356300000E+01   5.023278856600000E+00   9.397060883500000E-01   8.334750602100000E-01   6.102040419600000E-01   1.303178855100000E-01
   3.235262287800000E+00   2.626037841100000E+01   5.123533908200000E+00   9.401914279400000E-01   8.326239085200000E-01   6.113791324800000E-01   1.310117574400000E-01
   3.297984104100000E+00   2.621944353400000E+01   5.224773099200000E+00   9.406783587000001E-01   8.317554450700000E-01   6.125763992600000E-01   1.317025078500000E-01
   3.358995497100000E+00   2.617805071600000E+01   5.327397108800000E+00   9.411689291599999E-01   8.308809964200000E-01   6.137947845300000E-01   1.323903885900000E-01
   3.418300964700000E+00   2.613649677200000E+01   5.431723775900000E+00   9.416642628200000E-01   8.300109750800000E-01   6.150329885500000E-01   1.330756051300000E-01
   3.475928584700000E+00   2.609503101500000E+01   5.538001031200000E+00   9.421649550500000E-01   8.291523401300001E-01   6.162894699100000E-01   1.337583164700000E-01
   3.531923663200000E+00   2.605385685700000E+01   5.646296799300000E+00   9.426719246100000E-01   8.283112906600000E-01   6.175624624900000E-01   1.344386434900000E-01
   3.586343648900000E+00   2.601313595800000E+01   5.756649295700000E+00   9.431842830200000E-01   8.274935889800000E-01   6.188501753700000E-01   1.351166801700000E-01
   3.639254071900000E+00   2.597299366700000E+01   5.869038527400000E+00   9.437015588100000E-01   8.267015725200000E-01   6.201509980900000E-01   1.357925042000000E-01
   3.690725321900000E+00   2.593352486100000E+01   5.983410604900000E+00   9.442240355200000E-01   8.259383034200000E-01   6.214631916300000E-01   1.364661853000000E-01
   3.740830123400000E+00   2.589479957100000E+01   6.099684122900000E+00   9.447500671300000E-01   8.252053911600000E-01   6.227852149200001E-01   1.371377908700000E-01
   3.789641602000000E+00   2.585686804800000E+01   6.217744040800000E+00   9.452792372000000E-01   8.245035787900000E-01   6.241156991400000E-01   1.378073891400000E-01
   3.837231845800000E+00   2.581976511700000E+01   6.337486147800000E+00   9.458110603800000E-01   8.238338663600000E-01   6.254532991400000E-01   1.384750506100000E-01
   3.883670878100000E+00   2.578351376900000E+01   6.458791747500000E+00   9.463440579400000E-01   8.231960680500000E-01   6.267968546800000E-01   1.391408482300000E-01
   3.929025962200000E+00   2.574812806100000E+01   6.581564160700000E+00   9.468786271900000E-01   8.225899735600000E-01   6.281453151300000E-01   1.398048569700000E-01
   3.973361168000000E+00   2.571361537600000E+01   6.705689942600000E+00   9.474131994800000E-01   8.220160986800000E-01   6.294978092500000E-01   1.404671529700000E-01
   4.016737139000000E+00   2.567997817600000E+01   6.831088432600000E+00   9.479475260600000E-01   8.214731243300000E-01   6.308534336400000E-01   1.411278128000000E-01
   4.059211008200000E+00   2.564721532200000E+01   6.957642469900000E+00   9.484808160000000E-01   8.209613826900000E-01   6.322115111800000E-01   1.417869126000000E-01
   4.100836419900000E+00   2.561532306300000E+01   7.085279108900000E+00   9.490129541400000E-01   8.204795708000000E-01   6.335713465800000E-01   1.424445274900000E-01
   4.141663625700000E+00   2.558429577100000E+01   7.213938563300000E+00   9.495433319200000E-01   8.200278715700000E-01   6.349323636899999E-01   1.431007310800000E-01
   4.181739628200000E+00   2.555412647300000E+01   7.343542268800000E+00   9.500714649000001E-01   8.196053146200000E-01   6.362940580699999E-01   1.437555951100000E-01
   4.221108354400000E+00   2.552480723900000E+01   7.474020995900000E+00   9.505973475800000E-01   8.192111858500000E-01   6.376559744100000E-01   1.444091892700000E-01
   4.259810843500000E+00   2.549632946800000E+01   7.605309030800000E+00   9.511202433600000E-01   8.188451208200000E-01   6.390176843000001E-01   1.450615810800000E-01
   4.297885441100000E+00   2.546868408400000E+01   7.737374714200000E+00   9.516398886000000E-01   8.185064645600000E-01   6.403789302100000E-01   1.457128358800000E-01
   4.335367991500000E+00   2.544186168400000E+01   7.870162950600000E+00   9.521564602700000E-01   8.181943681100000E-01   6.417393342300000E-01   1.463630168400000E-01
   4.372292024100000E+00   2.541585264100000E+01   8.003613376500001E+00   9.526694509500000E-01   8.179084991600000E-01   6.430986090800000E-01   1.470121850700000E-01
   4.408688931600000E+00   2.539064717800000E+01   8.137717489300000E+00   9.531787176600000E-01   8.176483127900001E-01   6.444565222800001E-01   1.476603997000000E-01
   4.444588137100000E+00   2.536623542300000E+01   8.272430164099999E+00   9.536843379100000E-01   8.174128617899999E-01   6.458128681600001E-01   1.483077180200000E-01
   4.480017251100000E+00   2.534260744800000E+01   8.407768756299999E+00   9.541855489400000E-01   8.172016256500000E-01   6.471675171100000E-01   1.489541955800000E-01
   4.500000003100000E+00   2.532949389800000E+01   8.485070431800001E+00   9.544696686800000E-01   8.170921766300000E-01   6.479383280400000E-01   1.493221197600000E-01

