   1.000000000000000E+00   2.385172650800000E+01  -2.383581286500000E+01   5.153641962300000E-01  -4.376783126600000E-05  -4.376783126600000E-05  -2.097711615700000E-03  -1.102238369900000E-01
   9.979999998000000E-01   2.385172650800000E+01  -2.383581286500000E+01   5.153641962200000E-01  -2.204876958400000E-05  -2.204876958400000E-05  -2.097621951800000E-03  -1.104724763600000E-01
   9.959999996000000E-01   2.385172650800000E+01  -2.383581286500000E+01   5.153641962200000E-01  -2.516721433600000E-07  -2.516721433600000E-07  -2.097532349900000E-03  -1.107220957600000E-01
   9.959770321500000E-01   2.385172650800000E+01  -2.383581286500000E+01   5.153641962200000E-01  -8.261423890900000E-10  -8.261423890900000E-10  -2.097531323900000E-03  -1.107249679200000E-01
   9.919770317500000E-01   2.385172650800000E+01  -2.383581286500000E+01   5.153641962200000E-01   4.383131115200000E-05   4.383131115200000E-05  -2.097352306100000E-03  -1.112271925400000E-01
   9.869770312500000E-01   2.385172650800000E+01  -2.383581286500000E+01   5.153641962200000E-01   9.906925605900000E-05   9.906925605900000E-05  -2.097128877700000E-03  -1.118605919100000E-01
   9.819770307500000E-01   2.385172650800000E+01  -2.383581286500000E+01   5.153641962200000E-01   1.548121073000000E-04   1.548121073000000E-04  -2.096905832200000E-03  -1.125003235500000E-01
   9.769770302500000E-01   2.385172650800000E+01  -2.383581286500000E+01   5.153641962200000E-01   2.110678021700000E-04   2.110678021700000E-04  -2.096683166400000E-03  -1.131464851600000E-01
   9.719770297500000E-01   2.385172650800000E+01  -2.383581286500000E+01   5.153641962200000E-01   2.678445435600000E-04   2.678445435600000E-04  -2.096460882900000E-03  -1.137991765500000E-01
   9.669770292500000E-01   2.385172650800000E+01  -2.383581286500000E+01   5.153641962200000E-01   3.251506079100000E-04   3.251506079100000E-04  -2.096238977000000E-03  -1.144584993200000E-01
   9.619770287500000E-01   2.385172650800000E+01  -2.383581286500000E+01   5.153641962200000E-01   3.829944717500000E-04   3.829944717500000E-04  -2.096017448600000E-03  -1.151245575000000E-01
   9.569770282500000E-01   2.385172650800000E+01  -2.383581286500000E+01   5.153641962200000E-01   4.413847796600000E-04   4.413847796600000E-04  -2.095796295200000E-03  -1.157974571100000E-01
   9.519770277500000E-01   2.385172650800000E+01  -2.383581286500000E+01   5.153641962200000E-01   5.003304120300000E-04   5.003304120300000E-04  -2.095575518300000E-03  -1.164773064900000E-01
   9.469770272500000E-01   2.385172650800000E+01  -2.383581286500000E+01   5.153641962200000E-01   5.598404402900000E-04   5.598404402900000E-04  -2.095355116500000E-03  -1.171642159000000E-01
   9.419770267499999E-01   2.385172650800000E+01  -2.383581286500000E+01   5.153641962200000E-01   6.199240234500000E-04   6.199240234500000E-04  -2.095135087800000E-03  -1.178582985100000E-01
   9.369770262500000E-01   2.385172650800000E+01  -2.383581286500000E+01   5.153641962200000E-01   6.805906436900000E-04   6.805906436900000E-04  -2.094915433600000E-03  -1.185596695500000E-01
   9.319770257500000E-01   2.385172650800000E+01  -2.383581286500000E+01   5.153641962200000E-01   7.418497927400000E-04   7.418497927400000E-04  -2.094696147700000E-03  -1.192684467600000E-01
   9.269770252500000E-01   2.385172650800000E+01  -2.383581286500000E+01   5.153641962200000E-01   8.037113658000000E-04   8.037113658000000E-04  -2.094477232400000E-03  -1.199847505900000E-01
   9.219770247500000E-01   2.385172650800000E+01  -2.383581286500000E+01   5.153641962200000E-01   8.661853890500000E-04   8.661853890500000E-04  -2.094258685300000E-03  -1.207087037700000E-01
   9.169770242500001E-01   2.385172650800000E+01  -2.383581286500000E+01   5.153641962200000E-01   9.292821507600000E-04   9.292821507600000E-04  -2.094040507600000E-03  -1.214404319600000E-01
   9.119770237500000E-01   2.385172650800000E+01  -2.383581286500000E+01   5.153641962200000E-01   9.930120568599999E-04   9.930120568599999E-04  -2.093822696500000E-03  -1.221800636800000E-01
   9.069770232500000E-01   2.385172650800000E+01  -2.383581286500000E+01   5.153641962200000E-01   1.057385858800000E-03   1.057385858800000E-03  -2.093605251600000E-03  -1.229277299100000E-01
   9.019770227500000E-01   2.385172650800000E+01  -2.383581286500000E+01   5.153641962200000E-01   1.122414549000000E-03   1.122414549000000E-03  -2.093388174000000E-03  -1.236835647500000E-01
   8.969770222500000E-01   2.385172650800000E+01  -2.383581286500000E+01   5.153641962200000E-01   1.188109117900000E-03   1.188109117900000E-03  -2.093171456900000E-03  -1.244477054700000E-01
   8.919770217500000E-01   2.385172650800000E+01  -2.383581286500000E+01   5.153641962200000E-01   1.254481166700000E-03   1.254481166700000E-03  -2.092955103800000E-03  -1.252202919800000E-01
   8.869770212500000E-01   2.385172650800000E+01  -2.383581286500000E+01   5.153641962200000E-01   1.321542329100000E-03   1.321542329100000E-03  -2.092739111600000E-03  -1.260014675500000E-01
   8.819770207500000E-01   2.385172650800000E+01  -2.383581286500000E+01   5.153641962200000E-01   1.389304579700000E-03   1.389304579700000E-03  -2.092523482400000E-03  -1.267913789900000E-01
   8.769770202500000E-01   2.385172650800000E+01  -2.383581286500000E+01   5.153641962200000E-01   1.457780115500000E-03   1.457780115500000E-03  -2.092308212100000E-03  -1.275901759200000E-01
   8.719770197500000E-01   2.385172650800000E+01  -2.383581286500000E+01   5.153641962200000E-01   1.526981422100000E-03   1.526981422100000E-03  -2.092093300300000E-03  -1.283980118500000E-01
   8.669770192500000E-01   2.385172650800000E+01  -2.383581286500000E+01   5.153641962200000E-01   1.596921283700000E-03   1.596921283700000E-03  -2.091878745200000E-03  -1.292150435200000E-01
   8.619770187500000E-01   2.385172650800000E+01  -2.383581286500000E+01   5.153641962200000E-01   1.667612804700000E-03   1.667612804700000E-03  -2.091664547900000E-03  -1.300414315600000E-01
   8.569770182500001E-01   2.385172650800000E+01  -2.383581286500000E+01   5.153641962200000E-01   1.739069367600000E-03   1.739069367600000E-03  -2.091450706400000E-03  -1.308773401100000E-01
   8.519770177500000E-01   2.385172650800000E+01  -2.383581286500000E+01   5.153641962200000E-01   1.811304672600000E-03   1.811304672600000E-03  -2.091237219800000E-03  -1.317229372500000E-01
   8.469770172500000E-01   2.385172650800000E+01  -2.383581286500000E+01   5.153641962200000E-01   1.884332848100000E-03   1.884332848100000E-03  -2.091024089800000E-03  -1.325783948100000E-01
   8.419770167500000E-01   2.385172650800000E+01  -2.383581286500000E+01   5.153641962200000E-01   1.958168011300000E-03   1.958168011300000E-03  -2.090811309200000E-03  -1.334438893200000E-01
   8.369770162500000E-01   2.385172650800000E+01  -2.383581286500000E+01   5.153641962200000E-01   2.032825020300000E-03   2.032825020300000E-03  -2.090598881400000E-03  -1.343196009100000E-01
   8.319770157500000E-01   2.385172650800000E+01  -2.383581286500000E+01   5.153641962200000E-01   2.108318847400000E-03   2.108318847400000E-03  -2.090386803100000E-03  -1.352057143200000E-01
   8.269770152500000E-01   2.385172650800000E+01  -2.383581286500000E+01   5.153641962200000E-01   2.184664993500000E-03   2.184664993500000E-03  -2.090175076400000E-03  -1.361024185500000E-01
   8.219770147500000E-01   2.385172650800000E+01  -2.383581286500000E+01   5.153641962200000E-01   2.261879149200000E-03   2.261879149200000E-03  -2.089963698100000E-03  -1.370099075900000E-01
   8.169770142500000E-01   2.385172650800000E+01  -2.383581286500000E+01   5.153641962200000E-01   2.339977535400000E-03   2.339977535400000E-03  -2.089752668100000E-03  -1.379283797000000E-01
   8.119770137500000E-01   2.385172650800000E+01  -2.383581286500000E+01   5.153641962200000E-01   2.418976774400000E-03   2.418976774400000E-03  -2.089541987400000E-03  -1.388580382300000E-01
   8.069770132500000E-01   2.385172650800000E+01  -2.383581286500000E+01   5.153641962200000E-01   2.498893629800000E-03   2.498893629800000E-03  -2.089331649400000E-03  -1.397990918500000E-01
   8.019770127500000E-01   2.385172650800000E+01  -2.383581286500000E+01   5.153641962200000E-01   2.579745684300000E-03   2.579745684300000E-03  -2.089121657600000E-03  -1.407517538400000E-01
   7.969770122499999E-01   2.385172650800000E+01  -2.383581286500000E+01   5.153641962200000E-01   2.661550709900000E-03   2.661550709900000E-03  -2.088912009000000E-03  -1.417162431700000E-01
   7.919770117500000E-01   2.385172650800000E+01  -2.383581286500000E+01   5.153641962200000E-01   2.744327010800000E-03   2.744327010800000E-03  -2.088702705800000E-03  -1.426927845700000E-01
   7.869770112500000E-01   2.385172650800000E+01  -2.383581286500000E+01   5.153641962200000E-01   2.828093303700000E-03   2.828093303700000E-03  -2.088493744000000E-03  -1.436816079600000E-01
   7.819770107500000E-01   2.385172650800000E+01  -2.383581286500000E+01   5.153641962200000E-01   2.912868791300000E-03   2.912868791300000E-03  -2.088285123200000E-03  -1.446829495900000E-01
   7.769770102500000E-01   2.385172650800000E+01  -2.383581286500000E+01   5.153641962200000E-01   2.998673184400000E-03   2.998673184400000E-03  -2.088076841600000E-03  -1.456970514800000E-01
   7.719770097500001E-01   2.385172650800000E+01  -2.383581286500000E+01   5.153641962200000E-01   3.085526728900000E-03   3.085526728900000E-03  -2.087868900500000E-03  -1.467241622000000E-01
   7.669770092500000E-01   2.385172650800000E+01  -2.383581286500000E+01   5.153641962200000E-01   3.173450169900000E-03   3.173450169900000E-03  -2.087661297900000E-03  -1.477645365100000E-01
   7.619770087500000E-01   2.385172650800000E+01  -2.383581286500000E+01   5.153641962200000E-01   3.262464800200000E-03   3.262464800200000E-03  -2.087454032900000E-03  -1.488184359800000E-01
   7.569770082500000E-01   2.385172650800000E+01  -2.383581286500000E+01   5.153641962200000E-01   3.352592592000000E-03   3.352592592000000E-03  -2.087247107400000E-03  -1.498861288600000E-01
   7.519770077500000E-01   2.385172650800000E+01  -2.383581286500000E+01   5.153641962200000E-01   3.443855717300000E-03   3.443855717300000E-03  -2.087040514300000E-03  -1.509678911900000E-01
   7.469770072500000E-01   2.385172650800000E+01  -2.383581286500000E+01   5.153641962200000E-01   3.536277389000000E-03   3.536277389000000E-03  -2.086834256900000E-03  -1.520640057300000E-01
   7.419770067500000E-01   2.385172650800000E+01  -2.383581286500000E+01   5.153641962200000E-01   3.629881177200000E-03   3.629881177200000E-03  -2.086628332000000E-03  -1.531747631700000E-01
   7.369770062500000E-01   2.385172650800000E+01  -2.383581286500000E+01   5.153641962200000E-01   3.724691476300000E-03   3.724691476300000E-03  -2.086422741900000E-03  -1.543004618600000E-01
   7.319770057500000E-01   2.385172650800000E+01  -2.383581286500000E+01   5.153641962200000E-01   3.820733138500000E-03   3.820733138500000E-03  -2.086217483400000E-03  -1.554414087400000E-01
   7.269770052500000E-01   2.385172650800000E+01  -2.383581286500000E+01   5.153641962200000E-01   3.918031863800000E-03   3.918031863800000E-03  -2.086012556400000E-03  -1.565979186500000E-01
   7.219770047500000E-01   2.385172650800000E+01  -2.383581286500000E+01   5.153641962200000E-01   4.016614065600000E-03   4.016614065600000E-03  -2.085807962000000E-03  -1.577703154100000E-01
   7.169770042500000E-01   2.385172650800000E+01  -2.383581286500000E+01   5.153641962200000E-01   4.116506592900000E-03   4.116506592900000E-03  -2.085603693800000E-03  -1.589589321400000E-01
   7.119770037499999E-01   2.385172650800000E+01  -2.383581286500000E+01   5.153641962200000E-01   4.217737496500000E-03   4.217737496500000E-03  -2.085399755100000E-03  -1.601641107000000E-01
   7.069770032500000E-01   2.385172650800000E+01  -2.383581286500000E+01   5.153641962200000E-01   4.320335340100000E-03   4.320335340100000E-03  -2.085196143200000E-03  -1.613862029800000E-01
   7.019770027500000E-01   2.385172650800000E+01  -2.383581286500000E+01   5.153641962200000E-01   4.424329592300000E-03   4.424329592300000E-03  -2.084992860200000E-03  -1.626255711500000E-01
   6.969770022500000E-01   2.385172650800000E+01  -2.383581286500000E+01   5.153641962200000E-01   4.529750511900000E-03   4.529750511900000E-03  -2.084789902200000E-03  -1.638825871800000E-01
   6.919770017500000E-01   2.385172650800000E+01  -2.383581286500000E+01   5.153641962200000E-01   4.636629238500000E-03   4.636629238500000E-03  -2.084587269000000E-03  -1.651576343300000E-01
   6.869770012500001E-01   2.385172650800000E+01  -2.383581286500000E+01   5.153641962200000E-01   4.744997835000000E-03   4.744997835000000E-03  -2.084384958700000E-03  -1.664511066400000E-01
   6.819770007500000E-01   2.385172650800000E+01  -2.383581286500000E+01   5.153641962200000E-01   4.854889330600000E-03   4.854889330600000E-03  -2.084182972800000E-03  -1.677634100300000E-01
   6.769770002500000E-01   2.385172650800000E+01  -2.383581286500000E+01   5.153641962200000E-01   4.966337700100000E-03   4.966337700100000E-03  -2.083981309200000E-03  -1.690949620900000E-01
   6.719769997500000E-01   2.385172650800000E+01  -2.383581286500000E+01   5.153641962200000E-01   5.079377932500000E-03   5.079377932500000E-03  -2.083779967200000E-03  -1.704461929600000E-01
   6.669769992500000E-01   2.385172650800000E+01  -2.383581286500000E+01   5.153641962200000E-01   5.194046197800000E-03   5.194046197800000E-03  -2.083578948600000E-03  -1.718175454200000E-01
   6.619769987500000E-01   2.385172650800000E+01  -2.383581286500000E+01   5.153641962200000E-01   5.310379325800000E-03   5.310379325800000E-03  -2.083378246600000E-03  -1.732094763900000E-01
   6.569769982500000E-01   2.385172650800000E+01  -2.383581286500000E+01   5.153641962200000E-01   5.428415771300000E-03   5.428415771300000E-03  -2.083177864400000E-03  -1.746224559200000E-01
   6.519769977500000E-01   2.385172650800000E+01  -2.383581286500000E+01   5.153641962200000E-01   5.548194866700000E-03   5.548194866700000E-03  -2.082977798900000E-03  -1.760569688600000E-01
   6.469769972500000E-01   2.385172650800000E+01  -2.383581286500000E+01   5.153641962200000E-01   5.669757368900000E-03   5.669757368900000E-03  -2.082778052400000E-03  -1.775135147400000E-01
   6.419769967500000E-01   2.385172650800000E+01  -2.383581286500000E+01   5.153641962200000E-01   5.793145067700000E-03   5.793145067700000E-03  -2.082578621800000E-03  -1.789926091900000E-01
   6.369769962500000E-01   2.385172650800000E+01  -2.383581286500000E+01   5.153641962200000E-01   5.918401253000000E-03   5.918401253000000E-03  -2.082379507200000E-03  -1.804947833800000E-01
   6.319769957500000E-01   2.385172650800000E+01  -2.383581286500000E+01   5.153641962200000E-01   6.045570584300000E-03   6.045570584300000E-03  -2.082180709500000E-03  -1.820205856200000E-01
   6.269769952499999E-01   2.385172650800000E+01  -2.383581286500000E+01   5.153641962200000E-01   6.174698806400000E-03   6.174698806400000E-03  -2.081982222500000E-03  -1.835705820000000E-01
   6.219769947500000E-01   2.385172650800000E+01  -2.383581286500000E+01   5.153641962200000E-01   6.305833642000000E-03   6.305833642000000E-03  -2.081784049600000E-03  -1.851453561100000E-01
   6.169769942500000E-01   2.385172650800000E+01  -2.383581286500000E+01   5.153641962200000E-01   6.439024043100000E-03   6.439024043100000E-03  -2.081586188100000E-03  -1.867455108300000E-01
   6.119769937500000E-01   2.385172650800000E+01  -2.383581286500000E+01   5.153641962200000E-01   6.574320662400000E-03   6.574320662400000E-03  -2.081388640200000E-03  -1.883716691000000E-01
   6.069769932500000E-01   2.385172650800000E+01  -2.383581286500000E+01   5.153641962200000E-01   6.711775763200000E-03   6.711775763200000E-03  -2.081191401900000E-03  -1.900244736800000E-01
   6.019769927500001E-01   2.385172650800000E+01  -2.383581286500000E+01   5.153641962200000E-01   6.851443349100000E-03   6.851443349100000E-03  -2.080994473300000E-03  -1.917045892800000E-01
   5.969769922500000E-01   2.385172650800000E+01  -2.383581286500000E+01   5.153641962200000E-01   6.993379254000000E-03   6.993379254000000E-03  -2.080797852500000E-03  -1.934127024800000E-01
   5.919769917500000E-01   2.385172650800000E+01  -2.383581286500000E+01   5.153641962200000E-01   7.137641226100000E-03   7.137641226100000E-03  -2.080601540800000E-03  -1.951495234000000E-01
   5.869769912500000E-01   2.385172650800000E+01  -2.383581286500000E+01   5.153641962200000E-01   7.284288949100000E-03   7.284288949100000E-03  -2.080405536500000E-03  -1.969157860000000E-01
   5.819769907500000E-01   2.385172650800000E+01  -2.383581286500000E+01   5.153641962200000E-01   7.433384160500000E-03   7.433384160500000E-03  -2.080209838800000E-03  -1.987122496200000E-01
   5.769769902500000E-01   2.385172650800000E+01  -2.383581286500000E+01   5.153641962200000E-01   7.584990889200000E-03   7.584990889200000E-03  -2.080014449500000E-03  -2.005396996000000E-01
   5.719769897500000E-01   2.385172650800000E+01  -2.383581286500000E+01   5.153641962200000E-01   7.739174906500000E-03   7.739174906500000E-03  -2.079819362000000E-03  -2.023989496300000E-01
   5.669769892500000E-01   2.385172650800000E+01  -2.383581286500000E+01   5.153641962200000E-01   7.896004881799999E-03   7.896004881799999E-03  -2.079624579400000E-03  -2.042908412100000E-01
   5.619769887500000E-01   2.385172650800000E+01  -2.383581286500000E+01   5.153641962200000E-01   8.055551582400001E-03   8.055551582400001E-03  -2.079430098800000E-03  -2.062162461900000E-01
   5.569769882500000E-01   2.385172650800000E+01  -2.383581286500000E+01   5.153641962200000E-01   8.217888556100001E-03   8.217888556100001E-03  -2.079235922500000E-03  -2.081760674200000E-01
   5.519769877500000E-01   2.385172650800000E+01  -2.383581286500000E+01   5.153641962200000E-01   8.383091742900001E-03   8.383091742900001E-03  -2.079042047400000E-03  -2.101712410500000E-01
   5.469769872500000E-01   2.385172650800000E+01  -2.383581286500000E+01   5.153641962200000E-01   8.551240077599999E-03   8.551240077599999E-03  -2.078848473700000E-03  -2.122027367600000E-01
   5.419769867499999E-01   2.385172650800000E+01  -2.383581286500000E+01   5.153641962200000E-01   8.722415406300000E-03   8.722415406300000E-03  -2.078655202300000E-03  -2.142715603200000E-01
   5.369769862500000E-01   2.385172650800000E+01  -2.383581286500000E+01   5.153641962200000E-01   8.896702232400000E-03   8.896702232400000E-03  -2.078462227200000E-03  -2.163787553500000E-01
   5.319769857500000E-01   2.385172650800000E+01  -2.383581286500000E+01   5.153641962200000E-01   9.074188823100000E-03   9.074188823100000E-03  -2.078269551800000E-03  -2.185254038800000E-01
   5.269769852500000E-01   2.385172650800000E+01  -2.383581286500000E+01   5.153641962200000E-01   9.254966427800000E-03   9.254966427800000E-03  -2.078077173300000E-03  -2.207126294400000E-01
   5.219769847500000E-01   2.385172650800000E+01  -2.383581286500000E+01   5.153641962200000E-01   9.439129906900001E-03   9.439129906900001E-03  -2.077885094100000E-03  -2.229415990000000E-01
   5.169769842500000E-01   2.385172650800000E+01  -2.383581286500000E+01   5.153641962200000E-01   9.626777727100000E-03   9.626777727100000E-03  -2.077693310300000E-03  -2.252135238900000E-01
   5.119769837500000E-01   2.385172650800000E+01  -2.383581286500000E+01   5.153641962200000E-01   9.818012203000000E-03   9.818012203000000E-03  -2.077501821900000E-03  -2.275296634300000E-01
   5.069769832500000E-01   2.385172650800000E+01  -2.383581286500000E+01   5.153641962200000E-01   1.001293971200000E-02   1.001293971200000E-02  -2.077310627100000E-03  -2.298913261700000E-01
   5.019769827500000E-01   2.385172650800000E+01  -2.383581286500000E+01   5.153641962200000E-01   1.021167090200000E-02   1.021167090200000E-02  -2.077119727400000E-03  -2.322998731800000E-01
   4.969769822500000E-01   2.385172650800000E+01  -2.383581286500000E+01   5.153641962200000E-01   1.041432083600000E-02   1.041432083600000E-02  -2.076929121000000E-03  -2.347567199000000E-01
   4.919769817500000E-01   2.385172650800000E+01  -2.383581286500000E+01   5.153641962200000E-01   1.062100925800000E-02   1.062100925800000E-02  -2.076738807100000E-03  -2.372633395000000E-01
   4.869769812500000E-01   2.385172650800000E+01  -2.383581286500000E+01   5.153641962200000E-01   1.083186101100000E-02   1.083186101100000E-02  -2.076548787700000E-03  -2.398212652500000E-01
   4.819769807500000E-01   2.385172650800000E+01  -2.383581286500000E+01   5.153641962200000E-01   1.104700552900000E-02   1.104700552900000E-02  -2.076359056100000E-03  -2.424320951300000E-01
   4.769769802500000E-01   2.385172650800000E+01  -2.383581286500000E+01   5.153641962200000E-01   1.126657835800000E-02   1.126657835800000E-02  -2.076169615600000E-03  -2.450974930300000E-01
   4.719769797500000E-01   2.385172650800000E+01  -2.383581286500000E+01   5.153641962200000E-01   1.149072038000000E-02   1.149072038000000E-02  -2.075980463400000E-03  -2.478191938700000E-01
   4.669769792500000E-01   2.385172650800000E+01  -2.383581286500000E+01   5.153641962200000E-01   1.171957879200000E-02   1.171957879200000E-02  -2.075791601600000E-03  -2.505990064700000E-01
   4.619769787500000E-01   2.385172650800000E+01  -2.383581286500000E+01   5.153641962200000E-01   1.195330684100000E-02   1.195330684100000E-02  -2.075603027300000E-03  -2.534388186800000E-01
   4.569769782500000E-01   2.385172650800000E+01  -2.383581286500000E+01   5.153641962200000E-01   1.219206474300000E-02   1.219206474300000E-02  -2.075414740700000E-03  -2.563406001200000E-01
   4.519769777500000E-01   2.385172650800000E+01  -2.383581286500000E+01   5.153641962200000E-01   1.243601979700000E-02   1.243601979700000E-02  -2.075226742900000E-03  -2.593064079400000E-01
   4.469769772500000E-01   2.385172650800000E+01  -2.383581286500000E+01   5.153641962200000E-01   1.268534632600000E-02   1.268534632600000E-02  -2.075039027800000E-03  -2.623383918500000E-01
   4.419769767500000E-01   2.385172650800000E+01  -2.383581286500000E+01   5.153641962200000E-01   1.294022724100000E-02   1.294022724100000E-02  -2.074851598900000E-03  -2.654387977500000E-01
   4.369769762500000E-01   2.385172650800000E+01  -2.383581286500000E+01   5.153641962200000E-01   1.320085338600000E-02   1.320085338600000E-02  -2.074664453500000E-03  -2.686099749400000E-01
   4.319769757500000E-01   2.385172650800000E+01  -2.383581286500000E+01   5.153641962200000E-01   1.346742457300000E-02   1.346742457300000E-02  -2.074477593800000E-03  -2.718543819300000E-01
   4.269769752500000E-01   2.385172650800000E+01  -2.383581286500000E+01   5.153641962200000E-01   1.374014990500000E-02   1.374014990500000E-02  -2.074291016300000E-03  -2.751745914400000E-01
   4.219769747500000E-01   2.385172650800000E+01  -2.383581286500000E+01   5.153641962200000E-01   1.401924839200000E-02   1.401924839200000E-02  -2.074104720800000E-03  -2.785732989300000E-01
   4.169769742500000E-01   2.385172650800000E+01  -2.383581286500000E+01   5.153641962200000E-01   1.430494958500000E-02   1.430494958500000E-02  -2.073918705700000E-03  -2.820533286200000E-01
   4.119769737500000E-01   2.385172650800000E+01  -2.383581286500000E+01   5.153641962200000E-01   1.459749421200000E-02   1.459749421200000E-02  -2.073732972500000E-03  -2.856176422900000E-01
   4.069769732500000E-01   2.385172650800000E+01  -2.383581286500000E+01   5.153641962200000E-01   1.489713479300000E-02   1.489713479300000E-02  -2.073547519300000E-03  -2.892693468000000E-01
   4.019769727500000E-01   2.385172650800000E+01  -2.383581286500000E+01   5.153641962200000E-01   1.520413641100000E-02   1.520413641100000E-02  -2.073362345600000E-03  -2.930117037800000E-01
   3.969769722500000E-01   2.385172650800000E+01  -2.383581286500000E+01   5.153641962200000E-01   1.551877772500000E-02   1.551877772500000E-02  -2.073177453200000E-03  -2.968481387200000E-01
   3.919769717500000E-01   2.385172650800000E+01  -2.383581286500000E+01   5.153641962200000E-01   1.584135089800000E-02   1.584135089800000E-02  -2.072992835700000E-03  -3.007822532200000E-01
   3.869769712500000E-01   2.385172650800000E+01  -2.383581286500000E+01   5.153641962200000E-01   1.617216402500000E-02   1.617216402500000E-02  -2.072808496300000E-03  -3.048178336700000E-01
   3.819769707500000E-01   2.385172650800000E+01  -2.383581286500000E+01   5.153641962200000E-01   1.651154083300000E-02   1.651154083300000E-02  -2.072624432200000E-03  -3.089588653700000E-01
   3.769769702500000E-01   2.385172650800000E+01  -2.383581286500000E+01   5.153641962200000E-01   1.685982257500000E-02   1.685982257500000E-02  -2.072440645600000E-03  -3.132095445300000E-01
   3.719769697500000E-01   2.385172650800000E+01  -2.383581286500000E+01   5.153641962200000E-01   1.721736844800000E-02   1.721736844800000E-02  -2.072257133800000E-03  -3.175742938800000E-01
   3.669769692500000E-01   2.385172650800000E+01  -2.383581286500000E+01   5.153641962200000E-01   1.758455755300000E-02   1.758455755300000E-02  -2.072073896800000E-03  -3.220577761500000E-01
   3.619769687500000E-01   2.385172650800000E+01  -2.383581286500000E+01   5.153641962200000E-01   1.796178993000000E-02   1.796178993000000E-02  -2.071890935800000E-03  -3.266649121300000E-01
   3.569769682500000E-01   2.385172650800000E+01  -2.383581286500000E+01   5.153641962200000E-01   1.834948745600000E-02   1.834948745600000E-02  -2.071708244900000E-03  -3.314008989600000E-01
   3.519769677500000E-01   2.385172650800000E+01  -2.383581286500000E+01   5.153641962200000E-01   1.874809685200000E-02   1.874809685200000E-02  -2.071525827400000E-03  -3.362712277400000E-01
   3.469769672500000E-01   2.385172650800000E+01  -2.383581286500000E+01   5.153641962200000E-01   1.915809004100000E-02   1.915809004100000E-02  -2.071343680900000E-03  -3.412817068100000E-01
   3.419769667500000E-01   2.385172650800000E+01  -2.383581286500000E+01   5.153641962200000E-01   1.957996671100000E-02   1.957996671100000E-02  -2.071161807600000E-03  -3.464384848000000E-01
   3.369769662500000E-01   2.385172650800000E+01  -2.383581286500000E+01   5.153641962200000E-01   2.001425612300000E-02   2.001425612300000E-02  -2.070980203800000E-03  -3.517480740300000E-01
   3.319769657500000E-01   2.385172650800000E+01  -2.383581286500000E+01   5.153641962200000E-01   2.046151941600000E-02   2.046151941600000E-02  -2.070798869600000E-03  -3.572173802200000E-01
   3.269769652500000E-01   2.385172650800000E+01  -2.383581286500000E+01   5.153641962200000E-01   2.092235210100000E-02   2.092235210100000E-02  -2.070617803400000E-03  -3.628537307700000E-01
   3.219769647500000E-01   2.385172650800000E+01  -2.383581286500000E+01   5.153641962200000E-01   2.139738672000000E-02   2.139738672000000E-02  -2.070437006600000E-03  -3.686649088500000E-01
   3.169769642500000E-01   2.385172650800000E+01  -2.383581286500000E+01   5.153641962200000E-01   2.188729567800000E-02   2.188729567800000E-02  -2.070256477600000E-03  -3.746591880800000E-01
   3.119769637500000E-01   2.385172650800000E+01  -2.383581286500000E+01   5.153641962200000E-01   2.239279448800000E-02   2.239279448800000E-02  -2.070076215700000E-03  -3.808453727600000E-01
   3.069769632500000E-01   2.385172650800000E+01  -2.383581286500000E+01   5.153641962200000E-01   2.291464556000000E-02   2.291464556000000E-02  -2.069896222800000E-03  -3.872328401900000E-01
   3.019769627500000E-01   2.385172650800000E+01  -2.383581286500000E+01   5.153641962200000E-01   2.345366088000000E-02   2.345366088000000E-02  -2.069716492700000E-03  -3.938315904700000E-01
   2.969769622500000E-01   2.385172650800000E+01  -2.383581286500000E+01   5.153641962200000E-01   2.401070819300000E-02   2.401070819300000E-02  -2.069537028400000E-03  -4.006522953600000E-01
   2.919769617500000E-01   2.385172650800000E+01  -2.383581286500000E+01   5.153641962200000E-01   2.458671403800000E-02   2.458671403800000E-02  -2.069357827400000E-03  -4.077063585200000E-01
   2.869769612500000E-01   2.385172650800000E+01  -2.383581286500000E+01   5.153641962200000E-01   2.518266998000000E-02   2.518266998000000E-02  -2.069178891800000E-03  -4.150059776600000E-01
   2.819769607500000E-01   2.385172650800000E+01  -2.383581286500000E+01   5.153641962200000E-01   2.579963738700000E-02   2.579963738700000E-02  -2.069000218900000E-03  -4.225642168400000E-01
   2.769769602500000E-01   2.385172650800000E+01  -2.383581286500000E+01   5.153641962200000E-01   2.643875469900000E-02   2.643875469900000E-02  -2.068821808800000E-03  -4.303950820400000E-01
   2.719769597500000E-01   2.385172650800000E+01  -2.383581286500000E+01   5.153641962200000E-01   2.710124405900000E-02   2.710124405900000E-02  -2.068643662700000E-03  -4.385136098300000E-01
   2.669769592500000E-01   2.385172650800000E+01  -2.383581286500000E+01   5.153641962200000E-01   2.778841840600000E-02   2.778841840600000E-02  -2.068465774800000E-03  -4.469359640200000E-01
   2.619769587500000E-01   2.385172650800000E+01  -2.383581286500000E+01   5.153641962200000E-01   2.850169207200000E-02   2.850169207200000E-02  -2.068288148500000E-03  -4.556795406500000E-01
   2.569769582500000E-01   2.385172650800000E+01  -2.383581286500000E+01   5.153641962200000E-01   2.924258873200000E-02   2.924258873200000E-02  -2.068110781300000E-03  -4.647630906100000E-01
   2.519769577500000E-01   2.385172650800000E+01  -2.383581286500000E+01   5.153641962200000E-01   3.001275321400000E-02   3.001275321400000E-02  -2.067933675400000E-03  -4.742068539000000E-01
   2.469769572500000E-01   2.385172650800000E+01  -2.383581286500000E+01   5.153641962200000E-01   3.081396344200000E-02   3.081396344200000E-02  -2.067756827400000E-03  -4.840327078700000E-01
   2.419769567500000E-01   2.385172650800000E+01  -2.383581286500000E+01   5.153641962200000E-01   3.164814427200000E-02   3.164814427200000E-02  -2.067580237200000E-03  -4.942643395500000E-01
   2.369769562500000E-01   2.385172650800000E+01  -2.383581286500000E+01   5.153641962200000E-01   3.251738308100000E-02   3.251738308100000E-02  -2.067403903400000E-03  -5.049274340500000E-01
   2.319769557500000E-01   2.385172650800000E+01  -2.383581286500000E+01   5.153641962200000E-01   3.342394726000000E-02   3.342394726000000E-02  -2.067227827400000E-03  -5.160498918400001E-01
   2.269769552500000E-01   2.385172650800000E+01  -2.383581286500000E+01   5.153641962200000E-01   3.437030393300000E-02   3.437030393300000E-02  -2.067052007500000E-03  -5.276620708999999E-01
   2.219769547500000E-01   2.385172650800000E+01  -2.383581286500000E+01   5.153641962200000E-01   3.742144759600000E-02   3.329683742300000E-02  -2.066876443200000E-03  -5.397970648500000E-01
   2.169769542500000E-01   2.385172650800000E+01  -2.383581286500000E+01   5.153641962200000E-01   4.348076442400000E-02   2.930603695500000E-02  -2.066701136400000E-03  -5.524910169000000E-01
   2.119769537500000E-01   2.385172650800000E+01  -2.383581286500000E+01   5.153641962200000E-01   4.750911765400000E-02   2.744346644700000E-02  -2.066526080900000E-03  -5.657834828100000E-01
   2.069769532500000E-01   2.385172650800000E+01  -2.383581286500000E+01   5.153641962200000E-01   5.110235263600000E-02   2.612033180700000E-02  -2.066351279800000E-03  -5.797178380200000E-01
   2.019769527500000E-01   2.385172650800000E+01  -2.383581286500000E+01   5.153641962200000E-01   5.452965796500000E-02   2.507519208100000E-02  -2.066176730600000E-03  -5.943417543500000E-01
   1.969769522500000E-01   2.385172650800000E+01  -2.383581286500000E+01   5.153641962200000E-01   5.790283306700000E-02   2.420478344100000E-02  -2.066002435400000E-03  -6.097077429400000E-01
   1.919769517500000E-01   2.385172650800000E+01  -2.383581286500000E+01   5.153641962200000E-01   6.128429762400000E-02   2.345610950800000E-02  -2.065828391600000E-03  -6.258737872900000E-01
   1.869769512500000E-01   2.385172650800000E+01  -2.383581286500000E+01   5.153641962200000E-01   6.471579577300000E-02   2.279785868200000E-02  -2.065654599400000E-03  -6.429040709900000E-01
   1.819769507500000E-01   2.385172650800000E+01  -2.383581286500000E+01   5.153641962200000E-01   6.822914217400000E-02   2.220979538100000E-02  -2.065481059900000E-03  -6.608698326300000E-01
   1.769769502500000E-01   2.385172650800000E+01  -2.383581286500000E+01   5.153641962200000E-01   7.185114395599999E-02   2.167799782900000E-02  -2.065307767400000E-03  -6.798503626700000E-01
   1.719769497500000E-01   2.385172650800000E+01  -2.383581286500000E+01   5.153641962200000E-01   7.560622425999999E-02   2.119243023300000E-02  -2.065134725300000E-03  -6.999341698900000E-01
   1.669769492500000E-01   2.385172650800000E+01  -2.383581286500000E+01   5.153641962200000E-01   7.951798767400001E-02   2.074559640500000E-02  -2.064961931300000E-03  -7.212203659200001E-01
   1.619769487500000E-01   2.385172650800000E+01  -2.383581286500000E+01   5.153641962200000E-01   8.361029493800000E-02   2.033173363100000E-02  -2.064789387500000E-03  -7.438203013300000E-01
   1.569769482500000E-01   2.385172650800000E+01  -2.383581286500000E+01   5.153641962200000E-01   8.790808361800000E-02   1.994630789000000E-02  -2.064617090500000E-03  -7.678595109800000E-01
   1.519769477500000E-01   2.385172650800000E+01  -2.383581286500000E+01   5.153641962200000E-01   9.243807985300000E-02   1.958568160700000E-02  -2.064445040400000E-03  -7.934800522800000E-01
   1.469769472500000E-01   2.385172650800000E+01  -2.383581286500000E+01   5.153641962200000E-01   9.722948083400000E-02   1.924688818200000E-02  -2.064273235600000E-03  -8.208433116200000E-01
   1.419769467500000E-01   2.385172650800000E+01  -2.383581286500000E+01   5.153641962200000E-01   1.023146661800000E-01   1.892747379100000E-02  -2.064101677700000E-03  -8.501334109599999E-01
   1.369769462500000E-01   2.385172650800000E+01  -2.383581286500000E+01   5.153641962200000E-01   1.077299853300000E-01   1.862538407100000E-02  -2.063930365000000E-03  -8.815613544200001E-01
   1.319769457500000E-01   2.385172650800000E+01  -2.383581286500000E+01   5.153641962200000E-01   1.135166690400000E-01   1.833888046100000E-02  -2.063759297100000E-03  -9.153701227200000E-01
   1.269769452500000E-01   2.385172650800000E+01  -2.383581286500000E+01   5.153641962200000E-01   1.197219167800000E-01   1.806647742400000E-02  -2.063588475800000E-03  -9.518409667100000E-01
   1.219769447500000E-01   2.385172650800000E+01  -2.383581286500000E+01   5.153641962200000E-01   1.264002123000000E-01   1.780689615200000E-02  -2.063417895100000E-03  -9.913012570000000E-01
   1.169769442500000E-01   2.385172650800000E+01  -2.383581286500000E+01   5.153641962200000E-01   1.336149736800000E-01   1.755902552100000E-02  -2.063247558000000E-03  -1.034134331400000E+00
   1.119769437500000E-01   2.385172650800000E+01  -2.383581286500000E+01   5.153641962200000E-01   1.414406034900000E-01   1.732189517000000E-02  -2.063077462100000E-03  -1.080791997400000E+00
   1.069769432500000E-01   2.385172650800000E+01  -2.383581286500000E+01   5.153641962200000E-01   1.499651186000000E-01   1.709465143700000E-02  -2.062907609600000E-03  -1.131810528800000E+00
   1.019769427500000E-01   2.385172650800000E+01  -2.383581286500000E+01   5.153641962200000E-01   1.592935284100000E-01   1.687653993400000E-02  -2.062737997800000E-03  -1.187831378300000E+00
   9.697694224599999E-02   2.385172650800000E+01  -2.383581286500000E+01   5.153641962200000E-01   1.695522621600000E-01   1.666688988600000E-02  -2.062568627000000E-03  -1.249628284100000E+00
   9.197694174600000E-02   2.385172650800000E+01  -2.383581286500000E+01   5.153641962200000E-01   1.808950228800000E-01   1.646510230200000E-02  -2.062399498300000E-03  -1.318143232700000E+00
   8.697694124600000E-02   2.385172650800000E+01  -2.383581286500000E+01   5.153641962200000E-01   1.935106522600000E-01   1.627064062400000E-02  -2.062230606100000E-03  -1.394534819100000E+00
   8.197694074600000E-02   2.385172650800000E+01  -2.383581286500000E+01   5.153641962200000E-01   2.076338876900000E-01   1.608302087400000E-02  -2.062061953900000E-03  -1.480244296300000E+00
   7.697694024600001E-02   2.385172650800000E+01  -2.383581286500000E+01   5.153641962200000E-01   2.235602779400000E-01   1.590180619900000E-02  -2.061893539200000E-03  -1.577087384000000E+00
   7.197693974600000E-02   2.385172650800000E+01  -2.383581286500000E+01   5.153641962200000E-01   2.416673345200000E-01   1.572660022600000E-02  -2.061725364300000E-03  -1.687384333100000E+00
   6.697693924600000E-02   2.385172650800000E+01  -2.383581286500000E+01   5.153641962200000E-01   2.624451428300000E-01   1.555704252300000E-02  -2.061557425900000E-03  -1.814148239100000E+00
   6.197693874600000E-02   2.385172650800000E+01  -2.383581286500000E+01   5.153641962200000E-01   2.865417911500000E-01   1.539280412900000E-02  -2.061389723900000E-03  -1.961364531000000E+00
   5.697693824600000E-02   2.385172650800000E+01  -2.383581286500000E+01   5.153641962200000E-01   3.148327164600000E-01   1.523358403100000E-02  -2.061222257000000E-03  -2.134417596400000E+00
   5.197693774600000E-02   2.385172650800000E+01  -2.383581286500000E+01   5.153641962200000E-01   3.485300715000000E-01   1.507910597600000E-02  -2.061055026700000E-03  -2.340763663600000E+00
   4.697693724600000E-02   2.385172650800000E+01  -2.383581286500000E+01   5.153641962200000E-01   3.893619316000000E-01   1.492911596700000E-02  -2.060888031400000E-03  -2.591033378100000E+00
   4.197693674600000E-02   2.385172650800000E+01  -2.383581286500000E+01   5.153641962200000E-01   4.398795764600000E-01   1.478337981700000E-02  -2.060721270600000E-03  -2.900922381400000E+00
   3.697693624600000E-02   2.385172650800000E+01  -2.383581286500000E+01   5.153641962200000E-01   5.040140764400000E-01   1.464168097100000E-02  -2.060554746200000E-03  -3.294615732900000E+00
   3.197693574600000E-02   2.385172650800000E+01  -2.383581286500000E+01   5.153641962200000E-01   5.881550242600000E-01   1.450381952600000E-02  -2.060388452300000E-03  -3.811425075100000E+00
   2.697693524600000E-02   2.385172650800000E+01  -2.383581286500000E+01   5.153641962200000E-01   7.034289524600000E-01   1.436960933400000E-02  -2.060222391900000E-03  -4.519806665200000E+00
   2.197693474600000E-02   2.385172650800000E+01  -2.383581286500000E+01   5.153641962200000E-01   8.710878405900000E-01   1.423887779700000E-02  -2.060056562600000E-03  -5.550515054700000E+00
   1.697693424600000E-02   2.385172650800000E+01  -2.383581286500000E+01   5.153641962200000E-01   1.137419769000000E+00   1.411146393500000E-02  -2.059890966600000E-03  -7.188342682600000E+00
   1.197693374600000E-02   2.385172650800000E+01  -2.383581286500000E+01   5.153641962200000E-01   1.626007898300000E+00   1.398721788700000E-02  -2.059725601400000E-03  -1.019365026000000E+01
   6.976933245800000E-03   2.385172650800000E+01  -2.383581286500000E+01   5.153641962200000E-01   2.814697146600000E+00   1.386599945900000E-02  -2.059560467100000E-03  -1.750644030300000E+01
   1.976932745800000E-03   2.385172650800000E+01  -2.383581286500000E+01   5.153641962200000E-01   1.001553658300000E+01   1.374767745100000E-02  -2.059395565000000E-03  -6.180978901900000E+01
   3.023067751000000E-10   2.385172650800000E+01  -2.383581286500000E+01   5.153641962200000E-01   6.570738256800000E+07   1.370166630100000E-02  -2.059330427500000E-03  -4.042732717500000E+08

