   7.589710517400000E-02   1.980457783000000E+01  -1.979576814700000E+01   5.906491888600000E-01   9.999998142700000E-05
   7.629268537200000E-02   1.974861205900000E+01  -1.973974710000000E+01   5.916609586700000E-01   1.354559365100000E-04
   7.704269485699999E-02   1.964873067600000E+01  -1.963976621100000E+01   5.934647009100000E-01   2.243575006100000E-04
   7.784978976100000E-02   1.954885084300000E+01  -1.953978576700000E+01   5.952658807000000E-01   3.552851854100000E-04
   7.963348001900000E-02   1.934909615500000E+01  -1.933982647900000E+01   5.988603852900000E-01   7.903407878900000E-04
   8.163445330700000E-02   1.914934886400000E+01  -1.913986998300000E+01   6.024441359700000E-01   1.538992870600000E-03
   8.384045456399999E-02   1.894961024000000E+01  -1.893991742100000E+01   6.060167932600000E-01   2.701113627400000E-03
   8.624145187100000E-02   1.874988215600000E+01  -1.873997053100000E+01   6.095780113800000E-01   4.375059483100000E-03
   8.883117202500000E-02   1.855016724900000E+01  -1.854003181500000E+01   6.131274355500000E-01   6.658265214300000E-03
   9.160700930600001E-02   1.835046910600000E+01  -1.834010471800000E+01   6.166646992200000E-01   9.649257571799999E-03
   9.456946599799999E-02   1.815079246600000E+01  -1.814019383100000E+01   6.201894207899999E-01   1.344998789500000E-02
   9.772157956300000E-02   1.795114349000000E+01  -1.794030516500000E+01   6.237011994200000E-01   1.816811998000000E-02
   1.010684643900000E-01   1.775153009800000E+01  -1.774044648400000E+01   6.271996097900000E-01   2.391922992800000E-02
   1.046169783600000E-01   1.755196240300000E+01  -1.754062774400000E+01   6.306841952000000E-01   3.082898322600000E-02
   1.083754916300000E-01   1.735245327000000E+01  -1.734086164600000E+01   6.341544588500000E-01   3.903538137200000E-02
   1.123537310700000E-01   1.715301902900000E+01  -1.714116435600000E+01   6.376098526600000E-01   4.869117258300000E-02
   1.165626775100000E-01   1.695368039300000E+01  -1.694155642400000E+01   6.410497628300000E-01   5.996651899500000E-02
   1.210144974500000E-01   1.675446365100000E+01  -1.674206397500000E+01   6.444734913600000E-01   7.305201253000000E-02
   1.257224937300000E-01   1.655540220100000E+01  -1.654272024900000E+01   6.478802320500000E-01   8.816213405200000E-02
   1.307010613900000E-01   1.635653855800000E+01  -1.634356761100000E+01   6.512690394300000E-01   1.055392545000000E-01
   1.359656336100000E-01   1.615792697000000E+01  -1.614466017100000E+01   6.546387883100000E-01   1.254582794800000E-01
   1.415326005600000E-01   1.595963685600000E+01  -1.594606723300000E+01   6.579881207800000E-01   1.482320362500000E-01
   1.474191779600000E-01   1.576175732500000E+01  -1.574787782400000E+01   6.613153768200000E-01   1.742174857600000E-01
   1.536431941600000E-01   1.556440314600000E+01  -1.555020667200000E+01   6.646185030300000E-01   2.038228001000000E-01
   1.602227514500000E-01   1.536772261600000E+01  -1.535320210100000E+01   6.678949327400000E-01   2.375152551800000E-01
   1.671756991800000E-01   1.517190793000000E+01  -1.515705642300000E+01   6.711414287900000E-01   2.758297130000000E-01
   1.745188317200000E-01   1.497720874400000E+01  -1.496201953700000E+01   6.743538788600000E-01   3.193771527000000E-01
   1.822666933600000E-01   1.478394971100000E+01  -1.476841650900000E+01   6.775270325200000E-01   3.688521695700000E-01
   1.904298385000000E-01   1.459255263600000E+01  -1.457666979500000E+01   6.806541712500001E-01   4.250374887900000E-01
   1.990123714100000E-01   1.440356344100000E+01  -1.438732628300000E+01   6.837267110000000E-01   4.888022290600000E-01
   2.080086018500000E-01   1.421768284800000E+01  -1.420108806800000E+01   6.867337563400000E-01   5.610888858500001E-01
   2.173987570100000E-01   1.403579717900000E+01  -1.401884336300000E+01   6.896616650100000E-01   6.428820865300000E-01
   2.271439683200000E-01   1.385900138400000E+01  -1.384168962900000E+01   6.924937461100000E-01   7.351511102500000E-01
   2.371812887800000E-01   1.368860066900000E+01  -1.367093526100000E+01   6.952103012000000E-01   8.387601169700000E-01
   2.474202657300000E-01   1.352607217600000E+01  -1.350806124600000E+01   6.977892852499999E-01   9.543480726200000E-01
   2.577432721300000E-01   1.337296978700000E+01  -1.335462578700000E+01   7.002078303600000E-01   1.082196240800000E+00
   2.680116610900000E-01   1.323076999400000E+01  -1.321210983000000E+01   7.024446363200000E-01   1.222120387500000E+00
   2.780781341700000E-01   1.310068558300000E+01  -1.308173026500000E+01   7.044827911000000E-01   1.373433602800000E+00
   2.878028120600000E-01   1.298350142100000E+01  -1.296427523100000E+01   7.063121802300000E-01   1.535008374700000E+00
   2.970682191900000E-01   1.287948864300000E+01  -1.286001795900000E+01   7.079306443300000E-01   1.705425398500000E+00
   3.057887209200000E-01   1.278842128200000E+01  -1.276873332000000E+01   7.093435611900000E-01   1.883158567500000E+00
   3.139127439100000E-01   1.270967497000000E+01  -1.268979665700000E+01   7.105622081000000E-01   2.066738322200000E+00
   3.214191677900000E-01   1.264236175000000E+01  -1.262231887300000E+01   7.116016285100000E-01   2.254858841600000E+00
   3.283107165300000E-01   1.258545833500000E+01  -1.256527499300000E+01   7.124786527800000E-01   2.446425386700000E+00
   3.346068926900000E-01   1.253790406000000E+01  -1.251760237100000E+01   7.132104193000000E-01   2.640557176400000E+00
   3.403379528700000E-01   1.249866305700000E+01  -1.247826304300000E+01   7.138134613500000E-01   2.836565381700000E+00
   3.455404615100000E-01   1.246675559700000E+01  -1.244627518400000E+01   7.143032702900000E-01   3.033921605000000E+00
   3.502543862000000E-01   1.244126678700000E+01  -1.242072185800000E+01   7.146942026000001E-01   3.232226071900000E+00
   3.545214639400000E-01   1.242134011300000E+01  -1.240074456400000E+01   7.149996129100000E-01   3.431179871800000E+00
   3.583845305300000E-01   1.240616135000000E+01  -1.238552713600000E+01   7.152321276900000E-01   3.630562570600000E+00
   3.618875497900000E-01   1.239493646500000E+01  -1.237427359800000E+01   7.154040053500000E-01   3.830214931400000E+00
   3.650761407000000E-01   1.238686573400000E+01  -1.236618223400000E+01   7.155275491999999E-01   4.030025730500000E+00
   3.679984504700000E-01   1.238111557900000E+01  -1.236041736200000E+01   7.156155517700000E-01   4.229921269800000E+00
   3.706345700900000E-01   1.237689717700000E+01  -1.235618815500000E+01   7.156801018600000E-01   4.424388160800000E+00
   3.723046926600000E-01   1.237438938400000E+01  -1.235367393500000E+01   7.157184721800000E-01   4.554040189100000E+00
   3.737786738900000E-01   1.237203431300000E+01  -1.235131282600000E+01   7.157545030800000E-01   4.671904741600000E+00
   3.750936252700000E-01   1.236962548600000E+01  -1.234889782100000E+01   7.157913537000000E-01   4.779048925000000E+00
   3.762775805200000E-01   1.236704944000000E+01  -1.234631516600000E+01   7.158307594300000E-01   4.876443366400000E+00
   3.773517408300000E-01   1.236425737600000E+01  -1.234351593500000E+01   7.158734660500000E-01   4.964970668500000E+00
   3.783322004200000E-01   1.236124381900000E+01  -1.234049463900000E+01   7.159195564200000E-01   5.045433499600000E+00
   3.792312664600000E-01   1.235803074300000E+01  -1.233727330800000E+01   7.159686935700000E-01   5.118562059800000E+00
   3.800584607500000E-01   1.235465596800000E+01  -1.233388985700000E+01   7.160202983100000E-01   5.185020838900000E+00
   3.808212726200000E-01   1.235116489400000E+01  -1.233038980500000E+01   7.160736757400000E-01   5.245414679200000E+00
   3.815257184300000E-01   1.234760481800000E+01  -1.232682056700000E+01   7.161281022600000E-01   5.300294202400000E+00
   3.828393294500000E-01   1.234008172500000E+01  -1.231927809200000E+01   7.162431582100000E-01   5.400000000000000E+00
   3.842044186800000E-01   1.233103968000000E+01  -1.231021273000000E+01   7.163812716000000E-01   5.499577973700000E+00
   3.849811361600000E-01   1.232534913000000E+01  -1.230450748600000E+01   7.164682118000000E-01   5.554275689100000E+00
   3.858594727500000E-01   1.231845415100000E+01  -1.229759468500000E+01   7.165735327200000E-01   5.614372957500000E+00
   3.868573493600000E-01   1.231005380200000E+01  -1.228917259700000E+01   7.167018177700000E-01   5.680380231100000E+00
   3.879969283800000E-01   1.229976596100000E+01  -1.227885809200000E+01   7.168588819100000E-01   5.752845821000000E+00
   3.893057382700000E-01   1.228710627700000E+01  -1.226616553600000E+01   7.170520881000000E-01   5.832353729800000E+00
   3.908180498700000E-01   1.227146322200000E+01  -1.225048177200000E+01   7.172907201499999E-01   5.919518803300000E+00
   3.925765099500000E-01   1.225206985700000E+01  -1.223103779400000E+01   7.175864013800000E-01   6.014978233200000E+00
   3.946339965600000E-01   1.222797406100000E+01  -1.220687889500000E+01   7.179535295700000E-01   6.119378512400000E+00
   3.970555967500000E-01   1.219801073300000E+01  -1.217683675600000E+01   7.184096718200000E-01   6.233357454100000E+00
   3.999205269700000E-01   1.216078154500000E+01  -1.213950911400000E+01   7.189758299400000E-01   6.357522180700000E+00
   4.033237482300000E-01   1.211464960600000E+01  -1.209325435400000E+01   7.196764597700001E-01   6.492426315000000E+00
   4.073770292600000E-01   1.205775644800000E+01  -1.203620845300000E+01   7.205391278000000E-01   6.638552771800000E+00
   4.122093512500000E-01   1.198806547200000E+01  -1.196632843600000E+01   7.215937401600000E-01   6.796311396600000E+00
   4.179668578200000E-01   1.190342876200000E+01  -1.188145922200000E+01   7.228713926500000E-01   6.966061060400000E+00
   4.245118658200000E-01   1.180615314300000E+01  -1.178391233800000E+01   7.243355875400000E-01   7.140530635300000E+00
   4.315239676100000E-01   1.170157706800000E+01  -1.167903970400000E+01   7.259045822500000E-01   7.310677945700000E+00
   4.389762838800000E-01   1.159072626000000E+01  -1.156786881200000E+01   7.275619454900000E-01   7.476758519000000E+00
   4.468437022800000E-01   1.147454544400000E+01  -1.145134601000000E+01   7.292926003400000E-01   7.639108613900000E+00
   4.551040838900000E-01   1.135387434500000E+01  -1.133031244100000E+01   7.310831858000000E-01   7.798103717700000E+00
   4.637386427200000E-01   1.122944336300000E+01  -1.120549969500000E+01   7.329221124999999E-01   7.954128873700000E+00
   4.727318487900000E-01   1.110188016600000E+01  -1.107753641300000E+01   7.347994499700000E-01   8.107559653499999E+00
   4.820710985500000E-01   1.097172121100000E+01  -1.094695982900000E+01   7.367067388000000E-01   8.258751268499999E+00
   4.917462998900000E-01   1.083942466300000E+01  -1.081422871600000E+01   7.386367828900000E-01   8.408033300300000E+00
   5.017494511100000E-01   1.070538283900000E+01  -1.067973585300000E+01   7.405834505500000E-01   8.555708028100000E+00
   5.120742512899999E-01   1.056993335900000E+01  -1.054381920100000E+01   7.425414968600000E-01   8.702050900000000E+00
   5.227157555700001E-01   1.043336874200000E+01  -1.040677152200000E+01   7.445064111400000E-01   8.847312179099999E+00
   5.336700768700000E-01   1.029594449500000E+01  -1.026884848300000E+01   7.464742889000000E-01   8.991719151900000E+00
   5.449341297800000E-01   1.015788583500000E+01  -1.013027539700000E+01   7.484417254500000E-01   9.135478527400000E+00
   5.565054103100000E-01   1.001939325400000E+01  -9.991252795399999E+00   7.504057281400000E-01   9.278778814900001E+00
   5.683818049600000E-01   9.880647114600000E+00  -9.851961040799999E+00   7.523636440900000E-01   9.421792565700001E+00
   5.805614226700000E-01   9.741811457600001E+00  -9.712564142500000E+00   7.543131005000000E-01   9.564678426600000E+00
   5.930424445200000E-01   9.603037168400000E+00  -9.573212931800001E+00   7.562519552900000E-01   9.707582985800000E+00
   6.058229862200000E-01   9.464464627100000E+00  -9.434047721400001E+00   7.581782560000000E-01   9.850642411600001E+00
   6.189009697400000E-01   9.326225944300001E+00  -9.295200548900000E+00   7.600902053100000E-01   9.993983897200000E+00
   6.322740006399999E-01   9.188446865700000E+00  -9.156797089499999E+00   7.619861320400000E-01   1.013772692500000E+01
   6.459392483800001E-01   9.051248409499999E+00  -9.018958301700000E+00   7.638644663800001E-01   1.028198436600000E+01
   6.598933274700000E-01   8.914748290900000E+00  -8.881801859799999E+00   7.657237186700000E-01   1.042686343700000E+01
   6.741321773700000E-01   8.779062174400000E+00  -8.745443415400000E+00   7.675624609700000E-01   1.057246651700000E+01
   6.886509397900000E-01   8.644304786999999E+00  -8.609997719300001E+00   7.693793109800000E-01   1.071889184300000E+01
   7.034438320500001E-01   8.510590915700000E+00  -8.475579630000000E+00   7.711729178400000E-01   1.086623409300000E+01
   7.185040157000000E-01   8.378036309400001E+00  -8.342305025900000E+00   7.729419495400000E-01   1.101458485700000E+01
   7.338234600000000E-01   8.246758495700000E+00  -8.210291633700001E+00   7.746850817700000E-01   1.116403300300000E+01
   7.493928001000000E-01   8.116877518400001E+00  -8.079659779600000E+00   7.764009879200000E-01   1.131466493200000E+01
   7.652011907000000E-01   7.988516597100000E+00  -7.950533062200000E+00   7.780883304500000E-01   1.146656472300000E+01
   7.812361564000000E-01   7.861802702200000E+00  -7.823038942000000E+00   7.797457533200000E-01   1.161981416100000E+01
   7.974834411000000E-01   7.736867031200000E+00  -7.697309234400000E+00   7.813718759200000E-01   1.177449263400000E+01
   8.139268598300000E-01   7.613845368100000E+00  -7.573480484300000E+00   7.829652884700000E-01   1.193067689600000E+01
   8.305481581500000E-01   7.492878294100000E+00  -7.451694194100000E+00   7.845245492800000E-01   1.208844067100000E+01
   8.473268858600000E-01   7.374111212900000E+00  -7.332096864600000E+00   7.860481843200000E-01   1.224785409400000E+01
   8.642402941000000E-01   7.257694140200000E+00  -7.214839800300000E+00   7.875346895799999E-01   1.240898297400000E+01
   8.812632674799999E-01   7.143781198700000E+00  -7.100078617300000E+00   7.889825369000000E-01   1.257188785700000E+01
   8.983683055400000E-01   7.032529749800000E+00  -6.987972383900000E+00   7.903901839300000E-01   1.273662290700000E+01
   9.155255708100000E-01   6.924099083400000E+00  -6.878682316500000E+00   7.917560892700000E-01   1.290323458600000E+01
   9.327030230200000E-01   6.818648589300000E+00  -6.772369947600000E+00   7.930787333400000E-01   1.307176017500000E+01
   9.498666607200000E-01   6.716335333400000E+00  -6.669194691300000E+00   7.943566460300000E-01   1.324222615700000E+01
   9.669808915100000E-01   6.617310981000000E+00  -6.569310743900000E+00   7.955884415700000E-01   1.341464654700000E+01
   9.840090495200000E-01   6.521718040600000E+00  -6.472863293000000E+00   7.967728608400000E-01   1.358902124700000E+01
   1.000914072600000E+00   6.429685452400000E+00  -6.379984054100000E+00   7.979088208300000E-01   1.376533456100000E+01
   1.017659341800000E+00   6.341323613100000E+00  -6.290786231000000E+00   7.989954699700000E-01   1.394355400900000E+01
   1.034209669300000E+00   6.256719020200000E+00  -6.205359079100000E+00   8.000322472100000E-01   1.412362960800000E+01
   1.050532404300000E+00   6.175928814100000E+00  -6.123762354300000E+00   8.010189415600000E-01   1.430549378100000E+01
   1.066598602800000E+00   6.098975589700000E+00  -6.046021024000000E+00   8.019557478500000E-01   1.448906200600000E+01
   1.082384187100000E+00   6.025842920400000E+00  -5.972120688300000E+00   8.028433135800001E-01   1.467423429300000E+01
   1.097871008100000E+00   5.956472062700000E+00  -5.902004188100000E+00   8.036827716700000E-01   1.486089746100000E+01
   1.113047714600000E+00   5.890760272300000E+00  -5.835569839100000E+00   8.044757542800000E-01   1.504892810700000E+01
   1.127910343100000E+00   5.828561055200000E+00  -5.772671622900000E+00   8.052243843300000E-01   1.523819607600000E+01
   1.142462563400000E+00   5.769686508300000E+00  -5.713121496700000E+00   8.059312431100000E-01   1.542856814300000E+01
   1.156715546000000E+00   5.713911692800000E+00  -5.656693767400000E+00   8.065993149500000E-01   1.561991161800000E+01
   1.170687459500000E+00   5.660980773800000E+00  -5.603131264000000E+00   8.072319124300000E-01   1.581209760000000E+01
   1.184402641700000E+00   5.610614478600000E+00  -5.552152856200000E+00   8.078325871699999E-01   1.600500364700000E+01
   1.197890521200000E+00   5.562518313000000E+00  -5.503461754600000E+00   8.084050331000000E-01   1.619851575000000E+01
   1.211184384200000E+00   5.516390942000000E+00  -5.456753988100000E+00   8.089529887600000E-01   1.639252957800000E+01
   1.224320086900000E+00   5.471932181300000E+00  -5.411726498200000E+00   8.094801451700000E-01   1.658695105000000E+01
   1.237334803200000E+00   5.428850149500000E+00  -5.368084392200000E+00   8.099900642100000E-01   1.678169634900000E+01
   1.250265882900000E+00   5.386867266200000E+00  -5.325547033700000E+00   8.104861110700000E-01   1.697669153500000E+01
   1.263149871700000E+00   5.345724927100000E+00  -5.283852797000000E+00   8.109714024100000E-01   1.717187187700000E+01
   1.276021720300000E+00   5.305186816300000E+00  -5.242762444400000E+00   8.114487706800000E-01   1.736718106400000E+01
   1.288914191900000E+00   5.265040928400000E+00  -5.202061195700000E+00   8.119207435700000E-01   1.756257036200000E+01
   1.301857457200000E+00   5.225100441600000E+00  -5.161559635000000E+00   8.123895366800000E-01   1.775799780000000E+01
   1.314878859600000E+00   5.185203631100000E+00  -5.121093643000000E+00   8.128570574000000E-01   1.795342741900000E+01
   1.328002821500000E+00   5.145213027200000E+00  -5.080523563000000E+00   8.133249172700000E-01   1.814882859500000E+01
   1.341250865400000E+00   5.105014018700000E+00  -5.039732802700000E+00   8.137944507200000E-01   1.834417544200000E+01
   1.354641720200000E+00   5.064513082500000E+00  -4.998626055400000E+00   8.142667377800000E-01   1.853944629300000E+01
   1.368191486800000E+00   5.023635797500000E+00  -4.957127300600000E+00   8.147426292100000E-01   1.873462323500000E+01
   1.381913843100000E+00   4.982324768200000E+00  -4.915177710700000E+00   8.152227723600000E-01   1.892969170100000E+01
   1.395820268600000E+00   4.940537554800000E+00  -4.872733563600000E+00   8.157076367300000E-01   1.912464010100000E+01
   1.409920275300000E+00   4.898244682400000E+00  -4.829764233100000E+00   8.161975384500000E-01   1.931945949000000E+01
   1.424221635900000E+00   4.855427775400000E+00  -4.786250304400000E+00   8.166926630500000E-01   1.951414326400000E+01
   1.438730600500000E+00   4.812077847100000E+00  -4.742181846600000E+00   8.171930862700000E-01   1.970868688000000E+01
   1.453452099000000E+00   4.768193758900000E+00  -4.697556855100000E+00   8.176987927800000E-01   1.990308760000000E+01
   1.468389925300000E+00   4.723780852300000E+00  -4.652379868400000E+00   8.182096926900000E-01   2.009734425500000E+01
   1.483546903000000E+00   4.678849749700000E+00  -4.606660755200000E+00   8.187256360200000E-01   2.029145703300000E+01
   1.498925032200000E+00   4.633415315000000E+00  -4.560413662900000E+00   8.192464251500000E-01   2.048542727900000E+01
   1.514525619000000E+00   4.587495761000000E+00  -4.513656113500000E+00   8.197718255699999E-01   2.067925732100000E+01
   1.530349387100000E+00   4.541111890100000E+00  -4.466408235300000E+00   8.203015749100000E-01   2.087295031000000E+01
   1.546396575000000E+00   4.494286453900000E+00  -4.418692113200000E+00   8.208353905900000E-01   2.106651007400000E+01
   1.562667018700000E+00   4.447043617000000E+00  -4.370531245200000E+00   8.213729761500000E-01   2.125994099900000E+01
   1.579160222100000E+00   4.399408511600000E+00  -4.321950090500000E+00   8.219140265400000E-01   2.145324790700000E+01
   1.595875417200000E+00   4.351406871100000E+00  -4.272973696800000E+00   8.224582323900000E-01   2.164643596800000E+01
   1.612811613800000E+00   4.303064730700000E+00  -4.223627396000000E+00   8.230052835500000E-01   2.183951060800000E+01
   1.629967641700000E+00   4.254408185400000E+00  -4.173936556900000E+00   8.235548718800000E-01   2.203247743800000E+01
   1.647342186100000E+00   4.205463196500000E+00  -4.123926388200000E+00   8.241066934900000E-01   2.222534218700000E+01
   1.664933815900000E+00   4.156255438800000E+00  -4.073621780900000E+00   8.246604504600000E-01   2.241811065600000E+01
   1.682741007900000E+00   4.106810181800000E+00  -4.023047186700000E+00   8.252158522200000E-01   2.261078866100000E+01
   1.700762166500000E+00   4.057152199900000E+00  -3.972226524100000E+00   8.257726165000000E-01   2.280338200500000E+01
   1.718995638800000E+00   4.007305705500000E+00  -3.921183108700000E+00   8.263304700900000E-01   2.299589643900000E+01
   1.737439728000000E+00   3.957294302200000E+00  -3.869939602800000E+00   8.268891493200000E-01   2.318833763600000E+01
   1.756092702700000E+00   3.907140953600000E+00  -3.818517981600000E+00   8.274484003500000E-01   2.338071117600000E+01
   1.774952805300000E+00   3.856867964900000E+00  -3.766939511600000E+00   8.280079793600000E-01   2.357302251900000E+01
   1.794018257800000E+00   3.806496976100000E+00  -3.715224740700000E+00   8.285676525500000E-01   2.376527700100000E+01
   1.813287266300000E+00   3.756048962900000E+00  -3.663393495700000E+00   8.291271961100000E-01   2.395747981600000E+01
   1.832758024000000E+00   3.705544244800000E+00  -3.611464887600000E+00   8.296863960400001E-01   2.414963601500000E+01
   1.852428713700000E+00   3.655002498400000E+00  -3.559457321500000E+00   8.302450480000000E-01   2.434175049300000E+01
   1.872297508500000E+00   3.604442775500000E+00  -3.507388511100000E+00   8.308029570200000E-01   2.453382799500000E+01
   1.892362573000000E+00   3.553883524100000E+00  -3.455275496600000E+00   8.313599372700000E-01   2.472587310600000E+01
   1.912622062600000E+00   3.503342612300000E+00  -3.403134664000000E+00   8.319158117000000E-01   2.491789025600000E+01
   1.933074123500000E+00   3.452837353700000E+00  -3.350981767300000E+00   8.324704117800000E-01   2.510988371600000E+01
   1.953716891200000E+00   3.402384534800000E+00  -3.298831951300000E+00   8.330235771500000E-01   2.530185760700000E+01
   1.974548489400000E+00   3.352000442700000E+00  -3.246699774900000E+00   8.335751552400000E-01   2.549381589600000E+01
   1.995567028800000E+00   3.301700894300000E+00  -3.194599235900000E+00   8.341250010300000E-01   2.568576240000000E+01
   2.016770604800000E+00   3.251501264900000E+00  -3.142543794100000E+00   8.346729766300000E-01   2.587770079400000E+01
   2.038157295800000E+00   3.201416518400000E+00  -3.090546396400000E+00   8.352189509800000E-01   2.606963461100000E+01
   2.059725161000000E+00   3.151461235900000E+00  -3.038619499700000E+00   8.357627995400000E-01   2.626156724700000E+01
   2.081472238400000E+00   3.101649645800000E+00  -2.986775095200000E+00   8.363044039400001E-01   2.645350196800000E+01
   2.103396542400000E+00   3.051995652900000E+00  -2.935024730400000E+00   8.368436517200000E-01   2.664544191100000E+01
   2.125496061300000E+00   3.002512867500000E+00  -2.883379531900000E+00   8.373804360000000E-01   2.683739009300000E+01
   2.147768755200000E+00   2.953214634700000E+00  -2.831850227200000E+00   8.379146551600000E-01   2.702934941300000E+01
   2.170212553300000E+00   2.904114062800000E+00  -2.780447165100000E+00   8.384462126500000E-01   2.722132265700000E+01
   2.192825351400000E+00   2.855224052400000E+00  -2.729180336800000E+00   8.389750166300000E-01   2.741331250600000E+01
   2.215605009700000E+00   2.806557324700000E+00  -2.678059394800000E+00   8.395009797800000E-01   2.760532153700000E+01
   2.238549349900000E+00   2.758126450100000E+00  -2.627093672100000E+00   8.400240189900000E-01   2.779735222900000E+01
   2.261656152700000E+00   2.709943876100000E+00  -2.576292200600000E+00   8.405440551900000E-01   2.798940697000000E+01
   2.284923155500000E+00   2.662021956500000E+00  -2.525663728500000E+00   8.410610130800000E-01   2.818148806000000E+01
   2.308348049600000E+00   2.614372979100000E+00  -2.475216736900000E+00   8.415748209000000E-01   2.837359771500000E+01
   2.331928477400000E+00   2.567009194300000E+00  -2.424959456500000E+00   8.420854102699999E-01   2.856573807100000E+01
   2.355662030400000E+00   2.519942844500000E+00  -2.374899883000000E+00   8.425927159500000E-01   2.875791119200000E+01
   2.379546245700000E+00   2.473186192100000E+00  -2.325045792300000E+00   8.430966756400000E-01   2.895011906900000E+01
   2.403578604200000E+00   2.426751549700000E+00  -2.275404754700000E+00   8.435972298500000E-01   2.914236362800000E+01
   2.427756527300000E+00   2.380651309100000E+00  -2.225984149000000E+00   8.440943216800000E-01   2.933464673300000E+01
   2.452077374400000E+00   2.334897971900000E+00  -2.176791176100000E+00   8.445878966300000E-01   2.952697019100000E+01
   2.476538440400000E+00   2.289504180200000E+00  -2.127832871700000E+00   8.450779025100000E-01   2.971933575000000E+01
   2.501136952400000E+00   2.244482747300000E+00  -2.079116118900000E+00   8.455642892200000E-01   2.991174511200000E+01
   2.525870067500000E+00   2.199846690600000E+00  -2.030647660600000E+00   8.460470086300000E-01   3.010419992900000E+01
   2.550734869400000E+00   2.155609263300000E+00  -1.982434110600000E+00   8.465260144300000E-01   3.029670180900000E+01
   2.575728365900000E+00   2.111783988200000E+00  -1.934481965600000E+00   8.470012619900000E-01   3.048925232000000E+01
   2.600847485800000E+00   2.068384691900000E+00  -1.886797615700000E+00   8.474727082500000E-01   3.068185299000000E+01
   2.626089075900000E+00   2.025425539200000E+00  -1.839387355300000E+00   8.479403115400000E-01   3.087450531600000E+01
   2.651449898000000E+00   1.982921069000000E+00  -1.792257393700000E+00   8.484040315000000E-01   3.106721076100000E+01
   2.676926625800000E+00   1.940886230600000E+00  -1.745413865000000E+00   8.488638289600000E-01   3.125997075900000E+01
   2.702515841600000E+00   1.899336420200000E+00  -1.698862838000000E+00   8.493196657900000E-01   3.145278671800000E+01
   2.728214033100000E+00   1.858287518300000E+00  -1.652610326200000E+00   8.497715048400000E-01   3.164566002300000E+01
   2.754017590200000E+00   1.817755927400000E+00  -1.606662297100000E+00   8.502193097500000E-01   3.183859203900000E+01
   2.779922801100000E+00   1.777758609400000E+00  -1.561024681800000E+00   8.506630449500000E-01   3.203158410900000E+01
   2.805925849400000E+00   1.738313122600000E+00  -1.515703384000000E+00   8.511026754600000E-01   3.222463756300000E+01
   2.832022810100000E+00   1.699437658800000E+00  -1.470704289300000E+00   8.515381668400001E-01   3.241775371600000E+01
   2.858209645700000E+00   1.661151077700000E+00  -1.426033274300000E+00   8.519694850700000E-01   3.261093387000000E+01
   2.884482202700000E+00   1.623472940900000E+00  -1.381696215500000E+00   8.523965964700000E-01   3.280417931900000E+01
   2.910836207500000E+00   1.586423542000000E+00  -1.337698998400000E+00   8.528194675800000E-01   3.299749134800000E+01
   2.937267262300000E+00   1.550023934000000E+00  -1.294047526300000E+00   8.532380650900000E-01   3.319087123600000E+01
   2.963770840400000E+00   1.514295950700000E+00  -1.250747729100000E+00   8.536523557100000E-01   3.338432025800000E+01
   2.990342282600000E+00   1.479262223100000E+00  -1.207805572900000E+00   8.540623061200000E-01   3.357783968800000E+01
   3.016976792000000E+00   1.444946187100000E+00  -1.165227068300000E+00   8.544678828500000E-01   3.377143079700000E+01
   3.043669429300000E+00   1.411372081900000E+00  -1.123018280000000E+00   8.548690521700000E-01   3.396509485700000E+01
   3.070415108200000E+00   1.378564937000000E+00  -1.081185336100000E+00   8.552657800600000E-01   3.415883314500000E+01
   3.097208589900000E+00   1.346550543800000E+00  -1.039734436900000E+00   8.556580320200000E-01   3.435264693800000E+01
   3.124044478100000E+00   1.315355412000000E+00  -9.986718652200000E-01   8.560457730800000E-01   3.454653752100000E+01
   3.150917213100000E+00   1.285006705000000E+00  -9.580039954100000E-01   8.564289676200000E-01   3.474050618200000E+01
   3.177821066300000E+00   1.255532152800000E+00  -9.177373037600000E-01   8.568075793100000E-01   3.493455422000000E+01
   3.204750133800000E+00   1.226959939500000E+00  -8.778783784900001E-01   8.571815710200000E-01   3.512868293900000E+01
   3.231698330600000E+00   1.199318560500000E+00  -8.384339302400000E-01   8.575509046999999E-01   3.532289365300000E+01
   3.258659383500000E+00   1.172636647800000E+00  -7.994108028600000E-01   8.579155412800000E-01   3.551718768900000E+01
   3.285626824400000E+00   1.146942759800000E+00  -7.608159845100000E-01   8.582754405800000E-01   3.571156638000000E+01
   3.312593983300000E+00   1.122265133500000E+00  -7.226566192000000E-01   8.586305611900000E-01   3.590603107400000E+01
   3.339553980200000E+00   1.098631397500000E+00  -6.849400186700000E-01   8.589808603500000E-01   3.610058312800000E+01
   3.366499717800000E+00   1.076068245200000E+00  -6.476736748200000E-01   8.593262938600000E-01   3.629522391400000E+01
   3.393423872700000E+00   1.054601069400000E+00  -6.108652725800000E-01   8.596668159200000E-01   3.648995481400000E+01
   3.420318886900000E+00   1.034253561100000E+00  -5.745227033700000E-01   8.600023790600000E-01   3.668477722400000E+01
   3.447176958500000E+00   1.015047276800000E+00  -5.386540791300000E-01   8.603329339700000E-01   3.687969255000000E+01
   3.473990032200000E+00   9.970011821900000E-01  -5.032677470500000E-01   8.606584293800000E-01   3.707470221300000E+01
   3.500749789100000E+00   9.801311803300000E-01  -4.683723049800000E-01   8.609788119300000E-01   3.726980764300000E+01
   3.527447635800000E+00   9.644496377900000E-01  -4.339766176300000E-01   8.612940259800000E-01   3.746501028300000E+01
   3.554074693500000E+00   9.499649209600000E-01  -4.000898335800000E-01   8.616040135200000E-01   3.766031158200000E+01
   3.580621785800000E+00   9.366809589300000E-01  -3.667214032700000E-01   8.619087139600000E-01   3.785571300200000E+01
   3.607079426400000E+00   9.245968489700001E-01  -3.338810979100000E-01   8.622080639700000E-01   3.805121601000000E+01
   3.633437805700000E+00   9.137065209500000E-01  -3.015790295300000E-01   8.625019973200000E-01   3.824682207700000E+01
   3.659686776900000E+00   9.039984760500001E-01  -2.698256721300000E-01   8.627904446400000E-01   3.844253268200000E+01
   3.685815840900000E+00   8.954556129400000E-01  -2.386318841200000E-01   8.630733332800000E-01   3.863834929900000E+01
   3.711814131200000E+00   8.880551514500000E-01  -2.080089322100000E-01   8.633505870400000E-01   3.883427340400000E+01
   3.737670396600000E+00   8.817686598000000E-01  -1.779685166400000E-01   8.636221259900000E-01   3.903030646500000E+01
   3.763372984100000E+00   8.765621865500000E-01  -1.485227981800000E-01   8.638878661700000E-01   3.922644994400000E+01
   3.788909819800000E+00   8.723964941100000E-01  -1.196844267800000E-01   8.641477193900000E-01   3.942270528400000E+01
   3.814268389500000E+00   8.692273854800000E-01  -9.146657221800000E-02   8.644015929200000E-01   3.961907391500000E+01
   3.839435717100000E+00   8.670061120900000E-01  -6.388295675100000E-02   8.646493892000000E-01   3.981555723900000E+01
   3.864398342200000E+00   8.656798472800000E-01  -3.694789009800000E-02   8.648910055100000E-01   4.001215662600000E+01
   3.889142296500000E+00   8.651922079700000E-01  -1.067630685300000E-02   8.651263336700000E-01   4.020887341100000E+01
   3.913653078000000E+00   8.654838058500000E-01   1.491619339300000E-02   8.653552596300000E-01   4.040570887800000E+01
   3.937915623800000E+00   8.664928101000000E-01   3.981330300000000E-02   8.655776630999999E-01   4.060266425700000E+01
   3.961914281100000E+00   8.681555045300000E-01   6.399796001700001E-02   8.657934171300000E-01   4.079974071000000E+01
   3.985632776000000E+00   8.704068243800001E-01   8.745229841600000E-02   8.660023876600000E-01   4.099693931800000E+01
   4.009054180700000E+00   8.731808606300000E-01   1.101575944800000E-01   8.662044330000001E-01   4.119426107200000E+01
   4.032160877100000E+00   8.764113224700000E-01   1.320942090200000E-01   8.663994033400000E-01   4.139170685100000E+01
   4.054934519600000E+00   8.800319519200001E-01   1.532415249200000E-01   8.665871401300000E-01   4.158927740800000E+01
   4.077355993600000E+00   8.839768870900000E-01   1.735778797200000E-01   8.667674755000000E-01   4.178697335000000E+01
   4.099405371700000E+00   8.881809735100000E-01   1.930804925400000E-01   8.669402315700000E-01   4.198479511600000E+01
   4.121061866500000E+00   8.925800248100000E-01   2.117253850000000E-01   8.671052197000000E-01   4.218274295000000E+01
   4.142303780100000E+00   8.971110361400000E-01   2.294872953400000E-01   8.672622397200000E-01   4.238081687400000E+01
   4.163108448700000E+00   9.017123550300000E-01   2.463395851300000E-01   8.674110790300000E-01   4.257901665100000E+01
   4.183452184300000E+00   9.063238153199999E-01   2.622541378600000E-01   8.675515116700000E-01   4.277734175700000E+01
   4.203310210900000E+00   9.108868406800000E-01   2.772012484400000E-01   8.676832972900000E-01   4.297579133100000E+01
   4.222656595400000E+00   9.153445247200001E-01   2.911495026800000E-01   8.678061799900000E-01   4.317436413000000E+01
   4.241464173800000E+00   9.196416951100000E-01   3.040656457900000E-01   8.679198871000000E-01   4.337305847700000E+01
   4.259704470300000E+00   9.237249693300000E-01   3.159144385600000E-01   8.680241278200000E-01   4.357187219600000E+01
   4.277347610800000E+00   9.275428102200000E-01   3.266584998700000E-01   8.681185917000001E-01   4.377080254500000E+01
   4.294362227800000E+00   9.310455896499999E-01   3.362581342300000E-01   8.682029470000000E-01   4.396984613500000E+01
   4.310715358200000E+00   9.341856696200000E-01   3.446711423700000E-01   8.682768388900000E-01   4.416899883700000E+01
   4.326372332000000E+00   9.369175105200001E-01   3.518526131800000E-01   8.683398874400000E-01   4.436825568100000E+01
   4.341296651300000E+00   9.391978178000000E-01   3.577546948200000E-01   8.683916854100000E-01   4.456761072900000E+01
   4.355449858900000E+00   9.409857397900000E-01   3.623263426100000E-01   8.684317957900000E-01   4.476705694600000E+01
   4.368791394800000E+00   9.422431315599999E-01   3.655130409800000E-01   8.684597491200000E-01   4.496658603000000E+01
   4.381278440400000E+00   9.429349024100000E-01   3.672564965900000E-01   8.684750404600000E-01   4.516618823900000E+01
   4.392865749300000E+00   9.430294684600000E-01   3.674942991800000E-01   8.684771260400000E-01   4.536585217100000E+01
   4.403505462000000E+00   9.424993360800000E-01   3.661595464600000E-01   8.684654196000000E-01   4.556556452100000E+01
   4.413146904900000E+00   9.413218478599999E-01   3.631804289200000E-01   8.684392882100000E-01   4.576530979600000E+01
   4.421736371600000E+00   9.394801300300000E-01   3.584797699900000E-01   8.683980476800000E-01   4.596506998000000E+01
   4.429216885000000E+00   9.369642889000001E-01   3.519745165200000E-01   8.683409574600000E-01   4.616482415000000E+01
   4.435527939100000E+00   9.337729149600000E-01   3.435751741900000E-01   8.682672148500000E-01   4.636454802000000E+01
   4.440605219800000E+00   9.299149656700000E-01   3.331851820000000E-01   8.681759486900000E-01   4.656421341200000E+01
   4.444380303500000E+00   9.254121133900000E-01   3.207002197700000E-01   8.680662121400000E-01   4.676378763500000E+01
   4.446780333000000E+00   9.203016608900000E-01   3.060074424000000E-01   8.679369748100000E-01   4.696323274900000E+01
   4.447727671900000E+00   9.146401445800000E-01   2.889846348400000E-01   8.677871138100000E-01   4.716250470400000E+01
   4.447139538200000E+00   9.085077612800000E-01   2.694992822400000E-01   8.676154039500000E-01   4.736155232100000E+01
   4.444927621800000E+00   9.020137648000000E-01   2.474075512200000E-01   8.674205067200000E-01   4.756031608200000E+01
   4.440997689400000E+00   8.953029766400000E-01   2.225531801600000E-01   8.672009582400000E-01   4.775872670600000E+01
   4.435249188500000E+00   8.885635297400000E-01   1.947662805500000E-01   8.669551559000001E-01   4.795670344800000E+01
   4.427574862700000E+00   8.820358981100000E-01   1.638620571900000E-01   8.666813438400000E-01   4.815415209200000E+01
   4.417860400600000E+00   8.760231342500000E-01   1.296394641300000E-01   8.663775972800000E-01   4.835096255700000E+01
   4.405984147500000E+00   8.709020106000001E-01   9.187982664100000E-02   8.660418058700000E-01   4.854700607100000E+01
   4.391816924400000E+00   8.671344093700000E-01   5.034547937600000E-02   8.656716563600000E-01   4.874213182200000E+01
   4.375222013900000E+00   8.652778099400000E-01   4.778498357400000E-03   8.652646152100000E-01   4.893616300900000E+01
   4.356055397900000E+00   8.659931080700000E-01  -4.510035611400000E-02   8.648179121100000E-01   4.912889222100000E+01
   4.334166359500000E+00   8.700473720500000E-01  -9.959231532399999E-02   8.643285257000000E-01   4.932007607200000E+01
   4.309398599400000E+00   8.783087246300000E-01  -1.590206553900000E-01   8.637931736900000E-01   4.950942905400000E+01
   4.281592062900000E+00   8.917306815500000E-01  -2.237297955200000E-01   8.632083103200000E-01   4.969661663300000E+01
   4.250585719300000E+00   9.113243376300000E-01  -2.940829986300000E-01   8.625701352800000E-01   4.988124770900000E+01
   4.216221583600000E+00   9.381188996599999E-01  -3.704581084800000E-01   8.618746195100000E-01   5.006286674200000E+01
   4.178350299100000E+00   9.731138276200000E-01  -4.532406408300000E-01   8.611175546900000E-01   5.024094608700000E+01
   4.136838587100000E+00   1.017228255700000E+00  -5.428134727700000E-01   8.602946343700000E-01   5.041487945400000E+01
   4.091578779800000E+00   1.071254200100000E+00  -6.395424101700000E-01   8.594015748400000E-01   5.058397786600000E+01
   4.042500434800000E+00   1.135818700300000E+00  -7.437571529600000E-01   8.584342825500000E-01   5.074746999400000E+01
   3.989583634900000E+00   1.211357079100000E+00  -8.557277344000001E-01   8.573890702300000E-01   5.090450921400000E+01
   3.932872989400000E+00   1.298096551400000E+00  -9.756374716400000E-01   8.562629156100000E-01   5.105418986500000E+01
   3.872490631900000E+00   1.396048036500000E+00  -1.103554808400000E+00   8.550537440100000E-01   5.119557470100000E+01
   3.808645828800000E+00   1.505004755400000E+00  -1.239407914800000E+00   8.537607009000000E-01   5.132773411500000E+01
   3.741638508200000E+00   1.624548199700000E+00  -1.382967006800000E+00   8.523843682000000E-01   5.144979524600000E+01
   3.671854436500000E+00   1.754063766700000E+00  -1.533839350300000E+00   8.509268740400000E-01   5.156099597900000E+01
   3.599751102400000E+00   1.892768354900000E+00  -1.691480274100000E+00   8.493918576000000E-01   5.166073614200000E+01
   3.525835385100000E+00   2.039750142600000E+00  -1.855220327200000E+00   8.477842778900000E-01   5.174861722900000E+01
   3.450636114800000E+00   2.194017497600000E+00  -2.024304940900000E+00   8.461100910100000E-01   5.182446357500000E+01
   3.374675846600000E+00   2.354551147400000E+00  -2.197940064900000E+00   8.443758504000000E-01   5.188832187000000E+01
   3.298446065300000E+00   2.520352765400000E+00  -2.375336401900000E+00   8.425882977400000E-01   5.194044070200000E+01
   3.222388761500000E+00   2.690484339300000E+00  -2.555746209100000E+00   8.407540037700000E-01   5.198123569400000E+01
   3.146885508700000E+00   2.864095303900000E+00  -2.738489322800000E+00   8.388790966000000E-01   5.201124745800000E+01
   3.072253538400000E+00   3.040437226100000E+00  -2.922967887300000E+00   8.369690890400000E-01   5.203109911100000E+01
   2.998747303100000E+00   3.218867887500000E+00  -3.108671321700000E+00   8.350287963600000E-01   5.204145821600000E+01
   2.926563679500000E+00   3.398847585600000E+00  -3.295174058100000E+00   8.330623246900000E-01   5.204300572900000E+01
   2.855849118700000E+00   3.579930545100000E+00  -3.482128687700000E+00   8.310731074000000E-01   5.203641267400000E+01
   2.786707443500000E+00   3.761753860200000E+00  -3.669256742100000E+00   8.290639692900000E-01   5.202232397700000E+01
   2.719207430700000E+00   3.944025724200000E+00  -3.856338727100000E+00   8.270372031300000E-01   5.200134829100000E+01
   2.653389690000000E+00   4.126514071400000E+00  -4.043204448500000E+00   8.249946479900000E-01   5.197405244700000E+01
   2.589272621500000E+00   4.309036251400000E+00  -4.229724205400000E+00   8.229377632800000E-01   5.194095926000000E+01
   2.526857411900000E+00   4.491450006400000E+00  -4.415801103700000E+00   8.208676950400000E-01   5.190254764200000E+01
   2.466132125400000E+00   4.673645797400000E+00  -4.601364538600000E+00   8.187853335000000E-01   5.185925419000000E+01
   2.407074996000000E+00   4.855540402100000E+00  -4.786364780900000E+00   8.166913617800000E-01   5.181147564800000E+01
   2.349657042100000E+00   5.037071645800000E+00  -4.970768545200000E+00   8.145862964700000E-01   5.175957182400000E+01
   2.293844119500000E+00   5.218194106300000E+00  -5.154555401100000E+00   8.124705211200000E-01   5.170386867500000E+01
   2.239598520800000E+00   5.398875636800000E+00  -5.337714888900000E+00   8.103443135400000E-01   5.164466137600000E+01
   2.186880210700000E+00   5.579094564500000E+00  -5.520244215800000E+00   8.082078679600000E-01   5.158221725500000E+01
   2.135647773600000E+00   5.758837441200000E+00  -5.702146423400000E+00   8.060613130700000E-01   5.151677854700000E+01
   2.085859134600000E+00   5.938097241000000E+00  -5.883428935100000E+00   8.039047264400000E-01   5.144856491500000E+01
   2.037472103000000E+00   6.116871919000000E+00  -6.064102408200000E+00   8.017381462800000E-01   5.137777575500000E+01
   1.990444778500000E+00   6.295163259000000E+00  -6.244179829000000E+00   7.995615807799999E-01   5.130459226100000E+01
   1.944735849600000E+00   6.472975954700000E+00  -6.423675800800000E+00   7.973750157700000E-01   5.122917928600000E+01
   1.900304809900000E+00   6.650316875500000E+00  -6.602605987300000E+00   7.951784207300000E-01   5.115168700200000E+01
   1.857112110200000E+00   6.827194482500000E+00  -6.780986676000000E+00   7.929717537400000E-01   5.107225237900000E+01
   1.815119261500000E+00   7.003618363200000E+00  -6.958834439900000E+00   7.907549654100000E-01   5.099100050300000E+01
   1.774288901100000E+00   7.179598862000000E+00  -7.136165876000000E+00   7.885280020400000E-01   5.090804574400000E+01
   1.734584829100000E+00   7.355146786900000E+00  -7.312997403400000E+00   7.862908082100000E-01   5.082349279900000E+01
   1.695972024300000E+00   7.530273178300000E+00  -7.489345111400000E+00   7.840433287400000E-01   5.073743761900000E+01
   1.658416643400000E+00   7.704989126400000E+00  -7.665224644700000E+00   7.817855104300000E-01   5.064996823300000E+01
   1.621886008300000E+00   7.879305629400000E+00  -7.840651119300000E+00   7.795173032800000E-01   5.056116548600000E+01
   1.586348584700000E+00   8.053233481900000E+00  -8.015639062300000E+00   7.772386615800000E-01   5.047110369000000E+01
   1.551773954400000E+00   8.226783191000001E+00  -8.190202370900000E+00   7.749495447200000E-01   5.037985121500000E+01
   1.518132783100000E+00   8.399964911300000E+00  -8.364354285599999E+00   7.726499178500000E-01   5.028747101200000E+01
   1.485396785800000E+00   8.572788397600000E+00  -8.538107376699999E+00   7.703397523700000E-01   5.019402108400000E+01
   1.453538690000000E+00   8.745262970700001E+00  -8.711473537900000E+00   7.680190263000000E-01   5.009955491000000E+01
   1.422532198000000E+00   8.917397493999999E+00  -8.884463989200000E+00   7.656877246200000E-01   5.000412182200000E+01
   1.392351949800000E+00   9.089200358699999E+00  -9.057089283600000E+00   7.633458394500000E-01   4.990776735200000E+01
   1.362973485300000E+00   9.260679476100000E+00  -9.229359319500000E+00   7.609933701900000E-01   4.981053353900000E+01
   1.334373208000000E+00   9.431842275199999E+00  -9.401283355800000E+00   7.586303236200000E-01   4.971245921000000E+01
   1.306528348500000E+00   9.602695705300000E+00  -9.572870029000001E+00   7.562567139500000E-01   4.961358023700000E+01
   1.279416930500000E+00   9.773246241600001E+00  -9.744127372800000E+00   7.538725628300000E-01   4.951392976300000E+01
   1.253017737000000E+00   9.943499893600000E+00  -9.915062838900001E+00   7.514778993400000E-01   4.941353841500000E+01
   1.227310277900000E+00   1.011346221600000E+01  -1.008568331800000E+01   7.490727599300000E-01   4.931243449900000E+01
   1.202274759500000E+00   1.028313832200000E+01  -1.025599516400000E+01   7.466571883300001E-01   4.921064417000000E+01
   1.177892054500000E+00   1.045253289600000E+01  -1.042600421100000E+01   7.442312355100000E-01   4.910819159400000E+01
   1.154143674100000E+00   1.062165020800000E+01  -1.059571580300000E+01   7.417949595400000E-01   4.900509910000000E+01
   1.131011741000000E+00   1.079049413200000E+01  -1.076513481200000E+01   7.393484254900000E-01   4.890138730800000E+01
   1.108478963800000E+00   1.095906815700000E+01  -1.093426565900000E+01   7.368917053000000E-01   4.879707526100000E+01
   1.086528612500000E+00   1.112737541000000E+01  -1.110311233900000E+01   7.344248776300000E-01   4.869218053700000E+01
   1.065144495600000E+00   1.129541866700000E+01  -1.127167844400000E+01   7.319480277100000E-01   4.858671935400000E+01
   1.044310937600000E+00   1.146320037100000E+01  -1.143996717800000E+01   7.294612472000001E-01   4.848070667200000E+01
   1.024012758700000E+00   1.163072265300000E+01  -1.160798138500000E+01   7.269646340000000E-01   4.837415628400000E+01
   1.004235254300000E+00   1.179798734100000E+01  -1.177572356500000E+01   7.244582921100000E-01   4.826708090100000E+01
   9.849641765700000E-01   1.196499598300000E+01  -1.194319589300000E+01   7.219423314300000E-01   4.815949222700000E+01
   9.661857163899999E-01   1.213174986200000E+01  -1.211040024500000E+01   7.194168675600000E-01   4.805140104100000E+01
   9.478864862300000E-01   1.229825000900000E+01  -1.227733820700000E+01   7.168820216700000E-01   4.794281726100000E+01
   9.300535040900000E-01   1.246449722300000E+01  -1.244401110400000E+01   7.143379202400000E-01   4.783375000800000E+01
   9.126741780600000E-01   1.263049208500000E+01  -1.261042001100000E+01   7.117846949100000E-01   4.772420767000000E+01
   8.957362918100000E-01   1.279623497000000E+01  -1.277656577000000E+01   7.092224822600000E-01   4.761419795300000E+01
   8.792279905900000E-01   1.296172607000000E+01  -1.294244901400000E+01   7.066514236000000E-01   4.750372794300000E+01
   8.631377681200000E-01   1.312696540000000E+01  -1.310807017500000E+01   7.040716647800001E-01   4.739280414700000E+01
   8.474544540100000E-01   1.329195282000000E+01  -1.327342950600000E+01   7.014833559800000E-01   4.728143254400000E+01
   8.321672017800000E-01   1.345668804100000E+01  -1.343852709500000E+01   6.988866514700000E-01   4.716961863100000E+01
   8.172654774900000E-01   1.362117064800000E+01  -1.360336287900000E+01   6.962817094300000E-01   4.705736746000000E+01
   8.027390489200000E-01   1.378540010600000E+01  -1.376793665900000E+01   6.936686917000000E-01   4.694468368100000E+01
   7.885779752099999E-01   1.394937577600000E+01  -1.393224811500000E+01   6.910477635900000E-01   4.683157157800000E+01
   7.747725970400000E-01   1.411309692800000E+01  -1.409629682100000E+01   6.884190936500000E-01   4.671803510000000E+01
   7.613135271800000E-01   1.427656275300000E+01  -1.426008225400000E+01   6.857828534400000E-01   4.660407790000000E+01
   7.481916415700000E-01   1.443977237300000E+01  -1.442360381400000E+01   6.831392173300000E-01   4.648970336300000E+01
   7.353980707300000E-01   1.460272485600000E+01  -1.458686082800000E+01   6.804883622500000E-01   4.637491463100000E+01
   7.229241915700000E-01   1.476541922700000E+01  -1.474985256900000E+01   6.778304675000000E-01   4.625971463800000E+01
   7.107616195599999E-01   1.492785447400000E+01  -1.491257826300000E+01   6.751657145200000E-01   4.614410612900000E+01
   6.989022012400000E-01   1.509002956500000E+01  -1.507503710500000E+01   6.724942866500000E-01   4.602809168800000E+01
   6.873380070800000E-01   1.525194345400000E+01  -1.523722826400000E+01   6.698163689500000E-01   4.591167376000000E+01
   6.760613245500000E-01   1.541359509200000E+01  -1.539915089700000E+01   6.671321479500000E-01   4.579485466800000E+01
   6.650646515999999E-01   1.557498343600000E+01  -1.556080416100000E+01   6.644418114700000E-01   4.567763664200000E+01
   6.543406903400000E-01   1.573610746000000E+01  -1.572218721500000E+01   6.617455483600000E-01   4.556002182700000E+01
   6.438823409400000E-01   1.589696616000000E+01  -1.588329923800000E+01   6.590435483400000E-01   4.544201231000000E+01
   6.336826958700000E-01   1.605755856400000E+01  -1.604413943100000E+01   6.563360017900000E-01   4.532361012800000E+01
   6.237350343000000E-01   1.621788374200000E+01  -1.620470702900000E+01   6.536230995100000E-01   4.520481728900000E+01
   6.140328167100000E-01   1.637794081000000E+01  -1.636500130800000E+01   6.509050325600000E-01   4.508563578300000E+01
   6.045696797500000E-01   1.653772893900000E+01  -1.652502159000000E+01   6.481819920500000E-01   4.496606759600000E+01
   5.953394312900000E-01   1.669724736100000E+01  -1.668476725500000E+01   6.454541689800000E-01   4.484611472100000E+01
   5.863360455800000E-01   1.685649537600000E+01  -1.684423774200000E+01   6.427217540100000E-01   4.472577917100000E+01
   5.775536587100000E-01   1.701547235600000E+01  -1.700343255900000E+01   6.399849373099999E-01   4.460506298500000E+01
   5.689865640900000E-01   1.717417775500000E+01  -1.716235128900000E+01   6.372439083900000E-01   4.448396824100000E+01
   5.606292082600000E-01   1.733261110900000E+01  -1.732099359300000E+01   6.344988559200000E-01   4.436249706500000E+01
   5.524761866500000E-01   1.749077204200000E+01  -1.747935921600000E+01   6.317499675800000E-01   4.424065163300000E+01
   5.445222396700000E-01   1.764866027400000E+01  -1.763744799300000E+01   6.289974299000000E-01   4.411843418300000E+01
   5.367622488100000E-01   1.780627562000000E+01  -1.779525985000000E+01   6.262414281300001E-01   4.399584702000000E+01
   5.291912329300000E-01   1.796361799900000E+01  -1.795279481400000E+01   6.234821460400000E-01   4.387289251900000E+01
   5.218043446400000E-01   1.812068743100000E+01  -1.811005300700000E+01   6.207197658800000E-01   4.374957313000000E+01
   5.145968668000001E-01   1.827748404500000E+01  -1.826703466100000E+01   6.179544681600000E-01   4.362589138600000E+01
   5.075642091800000E-01   1.843400808200000E+01  -1.842374010900000E+01   6.151864315800000E-01   4.350184990000000E+01
   5.007019051500000E-01   1.859025989100000E+01  -1.858016979700000E+01   6.124158329200000E-01   4.337745137300000E+01
   4.940056085400000E-01   1.874623994000000E+01  -1.873632427900000E+01   6.096428468900000E-01   4.325269859500000E+01
   4.874710905300000E-01   1.890194881000000E+01  -1.889220422500000E+01   6.068676461000000E-01   4.312759444300000E+01
   4.810942367000000E-01   1.905738720100000E+01  -1.904781041800000E+01   6.040904008800000E-01   4.300214188800000E+01
   4.748710441600000E-01   1.921255592900000E+01  -1.920314375500000E+01   6.013112792800001E-01   4.287634399200000E+01
   4.687976186900000E-01   1.936745593200000E+01  -1.935820525200000E+01   5.985304469300000E-01   4.275020390900000E+01
   4.628701720300000E-01   1.952208826700000E+01  -1.951299604200000E+01   5.957480670200000E-01   4.262372488600000E+01
   4.570850192800000E-01   1.967645410800000E+01  -1.966751737300000E+01   5.929643001700000E-01   4.249691026200000E+01
   4.514385762800000E-01   1.983055475200000E+01  -1.982177061200000E+01   5.901793044600000E-01   4.236976346600000E+01
   4.459273571400000E-01   1.998439161600000E+01  -1.997575724300000E+01   5.873932353000000E-01   4.224228801900000E+01
   4.405479718000000E-01   2.013796623200000E+01  -2.012947886800000E+01   5.846062454299999E-01   4.211448752900000E+01
   4.352971236600000E-01   2.029128025300000E+01  -2.028293720200000E+01   5.818184848900000E-01   4.198636569500000E+01
   4.301716073300000E-01   2.044433544900000E+01  -2.043613407900000E+01   5.790301009300000E-01   4.185792629700000E+01
   4.251683063300000E-01   2.059713370600000E+01  -2.058907144400000E+01   5.762412380800001E-01   4.172917320200000E+01
   4.202841909800000E-01   2.074967702400000E+01  -2.074175135700000E+01   5.734520380600000E-01   4.160011035600000E+01
   4.155163162400000E-01   2.090196751600000E+01  -2.089417598700000E+01   5.706626397800000E-01   4.147074178700000E+01
   4.108618196800000E-01   2.105400740600000E+01  -2.104634761500000E+01   5.678731793500000E-01   4.134107159600000E+01
   4.063179194500000E-01   2.120579903000000E+01  -2.119826862800000E+01   5.650837900900000E-01   4.121110396200000E+01
   4.018819123600000E-01   2.135734482900000E+01  -2.134994152000000E+01   5.622946025000000E-01   4.108084313100000E+01
   3.975511719500000E-01   2.150864734900000E+01  -2.150136888900000E+01   5.595057442800000E-01   4.095029342000000E+01
   3.933231466600000E-01   2.165970924100000E+01  -2.165255343400000E+01   5.567173403700000E-01   4.081945921300000E+01
   3.891953580100000E-01   2.181053325600000E+01  -2.180349795400000E+01   5.539295129200000E-01   4.068834495200000E+01
   3.851653988500000E-01   2.196112224300000E+01  -2.195420534300000E+01   5.511423813900000E-01   4.055695514200000E+01
   3.812309316300000E-01   2.211147914600000E+01  -2.210467859200000E+01   5.483560624800000E-01   4.042529434400000E+01
   3.773896867700000E-01   2.226160700400000E+01  -2.225492078300000E+01   5.455706702400001E-01   4.029336717300000E+01
   3.736394610000000E-01   2.241150894500000E+01  -2.240493508600000E+01   5.427863160700001E-01   4.016117829300000E+01
   3.699781157700000E-01   2.256118818400000E+01  -2.255472475800000E+01   5.400031087500000E-01   4.002873241600000E+01
   3.664035757200000E-01   2.271064802300000E+01  -2.270429314100000E+01   5.372211545200000E-01   3.989603429800000E+01
   3.629138271600000E-01   2.285989184300000E+01  -2.285364365600000E+01   5.344405570700000E-01   3.976308873900000E+01
   3.595069166000000E-01   2.300892310600000E+01  -2.300277980200000E+01   5.316614176400000E-01   3.962990057500000E+01
   3.561809493200000E-01   2.315774535100000E+01  -2.315170515600000E+01   5.288838350300000E-01   3.949647467700000E+01
   3.529340879500000E-01   2.330636218700000E+01  -2.330042336200000E+01   5.261079056700000E-01   3.936281595100000E+01
   3.497645511400000E-01   2.345477729700000E+01  -2.344893814000000E+01   5.233337236800000E-01   3.922892933200000E+01
   3.466706121700000E-01   2.360299442900000E+01  -2.359725327000000E+01   5.205613808900000E-01   3.909481978000000E+01
   3.436505977000000E-01   2.375101739700000E+01  -2.374537259900000E+01   5.177909669400000E-01   3.896049228300000E+01
   3.407028864500000E-01   2.389885007400000E+01  -2.389330003600000E+01   5.150225693400000E-01   3.882595184800000E+01
   3.378259079900000E-01   2.404649639400000E+01  -2.404103954300000E+01   5.122562734600000E-01   3.869120350300000E+01
   3.350181415300000E-01   2.419396034600000E+01  -2.418859514200000E+01   5.094921627000000E-01   3.855625229200000E+01
   3.322781147000000E-01   2.434124597100000E+01  -2.433597090400000E+01   5.067303184500001E-01   3.842110327300000E+01
   3.296044024100000E-01   2.448835736300000E+01  -2.448317094900000E+01   5.039708202099999E-01   3.828576151700000E+01
   3.269956257000000E-01   2.463529865900000E+01  -2.463019944700000E+01   5.012137456400000E-01   3.815023210300000E+01
   3.244504506600000E-01   2.478207404200000E+01  -2.477706060600000E+01   4.984591706300000E-01   3.801452012100000E+01
   3.219675873300000E-01   2.492868773900000E+01  -2.492375868100000E+01   4.957071693500000E-01   3.787863066400000E+01
   3.195457886000000E-01   2.507514401400000E+01  -2.507029796200000E+01   4.929578143100000E-01   3.774256882800000E+01
   3.171838492500000E-01   2.522144716700000E+01  -2.521668277500000E+01   4.902111764500000E-01   3.760633971300000E+01
   3.148806048400000E-01   2.536760153200000E+01  -2.536291748000000E+01   4.874673251800000E-01   3.746994841800000E+01
   3.126349307700000E-01   2.551361147600000E+01  -2.550900646800000E+01   4.847263284600000E-01   3.733340003900000E+01
   3.104457413000000E-01   2.565948139400000E+01  -2.565495415600000E+01   4.819882528400000E-01   3.719669967100000E+01
   3.083119885500000E-01   2.580521570600000E+01  -2.580076499000000E+01   4.792531635600000E-01   3.705985240200000E+01
   3.062326616100000E-01   2.595081885800000E+01  -2.594644343700000E+01   4.765211245800000E-01   3.692286331300000E+01
   3.042067855700000E-01   2.609629531600000E+01  -2.609199398600000E+01   4.737921986500000E-01   3.678573747900000E+01
   3.022334206500000E-01   2.624164956700000E+01  -2.623742114600000E+01   4.710664473800000E-01   3.664847996500000E+01
   3.003116612900000E-01   2.638688611500000E+01  -2.638272944200000E+01   4.683439313000000E-01   3.651109582500000E+01
   2.984406352800000E-01   2.653200947900000E+01  -2.652792341300000E+01   4.656247099000000E-01   3.637359010200000E+01
   2.966195029100000E-01   2.667702418900000E+01  -2.667300761100000E+01   4.629088417300000E-01   3.623596782500000E+01
   2.948474561100000E-01   2.682193479000000E+01  -2.681798659800000E+01   4.601963843900000E-01   3.609823401000000E+01
   2.931237176400000E-01   2.696674583300000E+01  -2.696286494700000E+01   4.574873946800000E-01   3.596039366000000E+01
   2.914475402600000E-01   2.711146187800000E+01  -2.710764723400000E+01   4.547819285700000E-01   3.582245175900000E+01
   2.898182059200000E-01   2.725608748900000E+01  -2.725233804400000E+01   4.520800413000000E-01   3.568441327600000E+01
   2.882350250100000E-01   2.740062723500000E+01  -2.739694196200000E+01   4.493817874200000E-01   3.554628316400000E+01
   2.866973355300000E-01   2.754508568400000E+01  -2.754146357600000E+01   4.466872208700000E-01   3.540806635600000E+01
   2.852045023800000E-01   2.768946740900000E+01  -2.768590747300000E+01   4.439963949700000E-01   3.526976776800000E+01
   2.837559165500000E-01   2.783377697600000E+01  -2.783027823800000E+01   4.413093625400000E-01   3.513139229500000E+01
   2.823509944500000E-01   2.797801895300000E+01  -2.797458045400000E+01   4.386261759100000E-01   3.499294481300000E+01
   2.809891771000000E-01   2.812219789900000E+01  -2.811881869800000E+01   4.359468869600000E-01   3.485443018000000E+01
   2.796699295100000E-01   2.826631837100000E+01  -2.826299754200000E+01   4.332715472100000E-01   3.471585322900000E+01
   2.783927398700000E-01   2.841038491700000E+01  -2.840712154700000E+01   4.306002078200000E-01   3.457721877500000E+01
   2.771571189500000E-01   2.855440207500000E+01  -2.855119526900000E+01   4.279329196600000E-01   3.443853161100000E+01
   2.759625993600000E-01   2.869837437600000E+01  -2.869522325200000E+01   4.252697333300000E-01   3.429979650800000E+01
   2.748087349000000E-01   2.884230633600000E+01  -2.883921002700000E+01   4.226106992400000E-01   3.416101821500000E+01
   2.736950999100000E-01   2.898620246200000E+01  -2.898316011500000E+01   4.199558676200000E-01   3.402220145800000E+01
   2.726212886000000E-01   2.913006724500000E+01  -2.912707802000000E+01   4.173052885600000E-01   3.388335094200000E+01
   2.715869144300000E-01   2.927390516300000E+01  -2.927096823500000E+01   4.146590120600000E-01   3.374447134900000E+01
   2.705916094700000E-01   2.941772067800000E+01  -2.941483523300000E+01   4.120170880600000E-01   3.360556733800000E+01
   2.696350238200000E-01   2.956151823400000E+01  -2.955868347300000E+01   4.093795664700000E-01   3.346664354400000E+01
   2.687168249700000E-01   2.970530225800000E+01  -2.970251739300000E+01   4.067464972200000E-01   3.332770458200000E+01
   2.678366972400000E-01   2.984907715800000E+01  -2.984634141500000E+01   4.041179302800000E-01   3.318875504100000E+01
   2.669943411800000E-01   2.999284732200000E+01  -2.999015993900000E+01   4.014939156900000E-01   3.304979949000000E+01
   2.661894730300000E-01   3.013661712000000E+01  -3.013397734400000E+01   3.988745036000000E-01   3.291084247300000E+01
   2.654218241500000E-01   3.028039089800000E+01  -3.027779799100000E+01   3.962597442900000E-01   3.277188851100000E+01
   2.646911404900000E-01   3.042417298000000E+01  -3.042162621300000E+01   3.936496882100000E-01   3.263294210400000E+01
   2.639971820800000E-01   3.056796766900000E+01  -3.056546632600000E+01   3.910443859900000E-01   3.249400772800000E+01
   2.633397224600000E-01   3.071177924300000E+01  -3.070932261700000E+01   3.884438884700000E-01   3.235508983600000E+01
   2.627185482700000E-01   3.085561195500000E+01  -3.085319935200000E+01   3.858482467400000E-01   3.221619286000000E+01
   2.621334586800000E-01   3.099947003400000E+01  -3.099710076900000E+01   3.832575121400000E-01   3.207732120700000E+01
   2.615842649700000E-01   3.114335768500000E+01  -3.114103108300000E+01   3.806717362900000E-01   3.193847926500000E+01
   2.610707900600000E-01   3.128727908300000E+01  -3.128499448100000E+01   3.780909711200000E-01   3.179967139800000E+01
   2.605928680600000E-01   3.143123838000000E+01  -3.142899512300000E+01   3.755152688900000E-01   3.166090194700000E+01
   2.601503438400000E-01   3.157523969900000E+01  -3.157303714100000E+01   3.729446821800000E-01   3.152217523300000E+01
   2.597430726400000E-01   3.171928713400000E+01  -3.171712464100000E+01   3.703792639600000E-01   3.138349555500000E+01
   2.593709196200000E-01   3.186338475200000E+01  -3.186126169800000E+01   3.678190675300000E-01   3.124486718900000E+01
   2.590337595400000E-01   3.200753659100000E+01  -3.200545235900000E+01   3.652641466100000E-01   3.110629439300000E+01
   2.587314763300000E-01   3.215174665900000E+01  -3.214970064200000E+01   3.627145553200000E-01   3.096778140100000E+01
   2.584639627900000E-01   3.229601893500000E+01  -3.229401053400000E+01   3.601703482000000E-01   3.082933242600000E+01
   2.582311201800000E-01   3.244035736700000E+01  -3.243838599200000E+01   3.576315802000000E-01   3.069095166300000E+01
   2.580328579800000E-01   3.258476587300000E+01  -3.258283094200000E+01   3.550983067300000E-01   3.055264328400000E+01
   2.578690935000000E-01   3.272924833900000E+01  -3.272734927900000E+01   3.525705836400000E-01   3.041441144200000E+01
   2.577397516300000E-01   3.287380862000000E+01  -3.287194486600000E+01   3.500484672200000E-01   3.027626027000000E+01
   2.576447645500000E-01   3.301845054000000E+01  -3.301662153400000E+01   3.475320142600000E-01   3.013819388000000E+01
   2.575840714600000E-01   3.316317788900000E+01  -3.316138308300000E+01   3.450212819900000E-01   3.000021636500000E+01
   2.575576183300000E-01   3.330799442600000E+01  -3.330623327900000E+01   3.425163281500000E-01   2.986233180000000E+01
   2.575653576500000E-01   3.345290387700000E+01  -3.345117585500000E+01   3.400172109400000E-01   2.972454423900000E+01
   2.576072482200000E-01   3.359790993400000E+01  -3.359621451100000E+01   3.375239890500000E-01   2.958685771700000E+01
   2.576832549500000E-01   3.374301625700000E+01  -3.374135291500000E+01   3.350367216600000E-01   2.944927625200000E+01
   2.577933486500000E-01   3.388822647100000E+01  -3.388659469800000E+01   3.325554684700000E-01   2.931180384200000E+01
   2.579375058300000E-01   3.403354416800000E+01  -3.403194346000000E+01   3.300802896200000E-01   2.917444446600000E+01
   2.581157085700000E-01   3.417897290500000E+01  -3.417740276400000E+01   3.276112458000000E-01   2.903720208600000E+01
   2.583279443300000E-01   3.432451620400000E+01  -3.432297614100000E+01   3.251483981500000E-01   2.890008064600000E+01
   2.585742058400000E-01   3.447017755400000E+01  -3.446866708500000E+01   3.226918083400000E-01   2.876308407200000E+01
   2.588544909200000E-01   3.461596040800000E+01  -3.461447905600000E+01   3.202415385000000E-01   2.862621627100000E+01
   2.591688024100000E-01   3.476186818300000E+01  -3.476041547800000E+01   3.177976512600000E-01   2.848948113600000E+01
   2.595171480200000E-01   3.490790426100000E+01  -3.490647974000000E+01   3.153602097400000E-01   2.835288253800000E+01
   2.598995402700000E-01   3.505407199000000E+01  -3.505267519500000E+01   3.129292775200000E-01   2.821642433500000E+01
   2.603159963600000E-01   3.520037468000000E+01  -3.519900516000000E+01   3.105049186800000E-01   2.808011036500000E+01
   2.607665381400000E-01   3.534681560500000E+01  -3.534547291700000E+01   3.080871977500000E-01   2.794394445200000E+01
   2.612511919900000E-01   3.549339800500000E+01  -3.549208170900000E+01   3.056761797100000E-01   2.780793040000000E+01
   2.617699888300000E-01   3.564012508100000E+01  -3.563883474500000E+01   3.032719300200000E-01   2.767207200000000E+01
   2.623229640000000E-01   3.578699999900000E+01  -3.578573519500000E+01   3.008745145700000E-01   2.753637302300000E+01
   2.629101572600000E-01   3.593402588700000E+01  -3.593278619500000E+01   2.984839996700000E-01   2.740083722700000E+01
   2.635316127300000E-01   3.608120583700000E+01  -3.607999084200000E+01   2.961004520700000E-01   2.726546835200000E+01
   2.641873789200000E-01   3.622854290200000E+01  -3.622735219500000E+01   2.937239389500000E-01   2.713027012000000E+01
   2.648775086400000E-01   3.637604010100000E+01  -3.637487327800000E+01   2.913545278600000E-01   2.699524624200000E+01
   2.656020590300000E-01   3.652370041200000E+01  -3.652255707500000E+01   2.889922867600000E-01   2.686040040800000E+01
   2.663610915300000E-01   3.667152677800000E+01  -3.667040653300000E+01   2.866372839900000E-01   2.672573629400000E+01
   2.671546719200000E-01   3.681952210300000E+01  -3.681842456300000E+01   2.842895882300000E-01   2.659125756200000E+01
   2.679828702800000E-01   3.696768925200000E+01  -3.696661403500000E+01   2.819492685300000E-01   2.645696785500000E+01
   2.688457610100000E-01   3.711603105400000E+01  -3.711497778300000E+01   2.796163942800000E-01   2.632287080300000E+01
   2.697434228700000E-01   3.726455029800000E+01  -3.726351860200000E+01   2.772910351900000E-01   2.618897001900000E+01
   2.706759389600000E-01   3.741324973600000E+01  -3.741223924700000E+01   2.749732612400000E-01   2.605526909900000E+01
   2.716433967700000E-01   3.756213208000000E+01  -3.756114243800000E+01   2.726631427400000E-01   2.592177162600000E+01
   2.726458881900000E-01   3.771120000500000E+01  -3.771023085200000E+01   2.703607502400000E-01   2.578848116600000E+01
   2.736835095400000E-01   3.786045614700000E+01  -3.785950713000000E+01   2.680661545600000E-01   2.565540126900000E+01
   2.747563615900000E-01   3.800990310000000E+01  -3.800897387400000E+01   2.657794267400000E-01   2.552253547100000E+01
   2.758645496200000E-01   3.815954342300000E+01  -3.815863364500000E+01   2.635006380500000E-01   2.538988728900000E+01
   2.770081834200000E-01   3.830937963300000E+01  -3.830848896600000E+01   2.612298599300000E-01   2.525746022900000E+01
   2.781873773400000E-01   3.845941421000000E+01  -3.845854232000000E+01   2.589671640100000E-01   2.512525777600000E+01
   2.794022503200000E-01   3.860964959300000E+01  -3.860879615200000E+01   2.567126220800000E-01   2.499328340200000E+01
   2.806529259300000E-01   3.876008818100000E+01  -3.875925286500000E+01   2.544663060500000E-01   2.486154056500000E+01
   2.819395324100000E-01   3.891073233400000E+01  -3.890991482500000E+01   2.522282879500000E-01   2.473003270200000E+01
   2.832622027100000E-01   3.906158437300000E+01  -3.906078435500000E+01   2.499986398800000E-01   2.459876323900000E+01
   2.846210745100000E-01   3.921264657900000E+01  -3.921186374100000E+01   2.477774340400000E-01   2.446773558200000E+01
   2.860162902500000E-01   3.936392119100000E+01  -3.936315522800000E+01   2.455647426300000E-01   2.433695312400000E+01
   2.874479972100000E-01   3.951541041000000E+01  -3.951466101900000E+01   2.433606379000000E-01   2.420641923800000E+01
   2.889163475100000E-01   3.966711639500000E+01  -3.966638327900000E+01   2.411651920900000E-01   2.407613728300000E+01

